7.09	197.00	197.00	-204.09
16.67	252.00	55.00	-255.00
19.40	72.00	-180.00	-91.40
14.81	-121.00	-193.00	106.19
12.25	-64.00	57.00	51.75
9.26	-83.00	-19.00	73.74
5.09	-119.00	-36.00	113.91
9.24	109.00	228.00	-118.23
11.55	61.00	-48.00	-72.55
14.96	92.00	31.00	-106.96
19.62	126.00	34.00	-145.62
16.73	-74.00	-200.00	57.27
16.35	-10.00	64.00	-6.35
16.28	-2.00	8.00	-14.28
16.18	-3.00	-1.00	-13.18
16.11	-2.00	1.00	-14.11
16.04	-2.00	0.00	-14.04
15.97	-2.00	0.00	-13.97
15.90	-2.00	0.00	-13.90
15.83	-2.00	0.00	-13.83
15.73	-3.00	-1.00	-12.73
15.65	-2.00	1.00	-13.65
15.58	-2.00	0.00	-13.58
15.51	-2.00	0.00	-13.51
15.44	-2.00	0.00	-13.44
15.38	-2.00	0.00	-13.38
15.31	-2.00	0.00	-13.31
15.24	-2.00	0.00	-13.24
15.17	-2.00	0.00	-13.17
15.10	-2.00	0.00	-13.10
14.99	-3.00	-1.00	-11.99
14.92	-2.00	1.00	-12.92
14.85	-2.00	0.00	-12.85
14.78	-2.00	0.00	-12.78
14.71	-2.00	0.00	-12.71
14.64	-2.00	0.00	-12.64
14.57	-2.00	0.00	-12.57
14.50	-2.00	0.00	-12.50
14.40	-3.00	-1.00	-11.40
14.32	-2.00	1.00	-12.32
14.25	-2.00	0.00	-12.25
14.18	-2.00	0.00	-12.18
14.12	-2.00	0.00	-12.12
14.05	-2.00	0.00	-12.05
13.98	-2.00	0.00	-11.98
13.87	-3.00	-1.00	-10.87
13.76	-3.00	0.00	-10.76
13.69	-2.00	1.00	-11.69
13.62	-2.00	0.00	-11.62
13.55	-2.00	0.00	-11.55
13.48	-2.00	0.00	-11.48
13.38	-3.00	-1.00	-10.38
13.27	-3.00	0.00	-10.27
13.20	-2.00	1.00	-11.20
13.13	-2.00	0.00	-11.13
13.03	-3.00	-1.00	-10.03
12.96	-2.00	1.00	-10.96
12.89	-2.00	0.00	-10.89
12.82	-2.00	0.00	-10.82
12.75	-2.00	0.00	-10.75
12.68	-2.00	0.00	-10.68
12.61	-2.00	0.00	-10.61
12.54	-2.00	0.00	-10.54
12.47	-2.00	0.00	-10.47
12.36	-3.00	-1.00	-9.36
12.29	-2.00	1.00	-10.29
12.22	-2.00	0.00	-10.22
12.12	-3.00	-1.00	-9.12
12.05	-2.00	1.00	-10.05
11.98	-2.00	0.00	-9.98
11.91	-2.00	0.00	-9.91
11.85	-2.00	0.00	-9.85
11.78	-2.00	0.00	-9.78
11.71	-2.00	0.00	-9.71
11.64	-2.00	0.00	-9.64
11.54	-3.00	-1.00	-8.54
11.47	-2.00	1.00	-9.47
11.40	-2.00	0.00	-9.40
11.34	-2.00	0.00	-9.34
11.24	-3.00	-1.00	-8.24
11.17	-2.00	1.00	-9.17
11.07	-3.00	-1.00	-8.07
10.96	-3.00	0.00	-7.96
10.89	-2.00	1.00	-8.89
10.83	-2.00	0.00	-8.83
10.76	-2.00	0.00	-8.76
10.69	-2.00	0.00	-8.69
10.62	-2.00	0.00	-8.62
10.52	-3.00	-1.00	-7.52
10.45	-2.00	1.00	-8.45
10.38	-2.00	0.00	-8.38
10.32	-2.00	0.00	-8.32
10.25	-2.00	0.00	-8.25
10.18	-2.00	0.00	-8.18
10.11	-2.00	0.00	-8.11
10.05	-2.00	0.00	-8.05
9.98	-2.00	0.00	-7.98
9.91	-2.00	0.00	-7.91
9.85	-2.00	0.00	-7.85
9.78	-2.00	0.00	-7.78
9.72	-2.00	0.00	-7.72
9.65	-2.00	0.00	-7.65
9.58	-2.00	0.00	-7.58
9.52	-2.00	0.00	-7.52
9.42	-3.00	-1.00	-6.42
9.35	-2.00	1.00	-7.35
9.29	-2.00	0.00	-7.29
9.22	-2.00	0.00	-7.22
9.16	-2.00	0.00	-7.16
9.09	-2.00	0.00	-7.09
9.03	-2.00	0.00	-7.03
8.93	-3.00	-1.00	-5.93
8.83	-3.00	0.00	-5.83
8.76	-2.00	1.00	-6.76
8.70	-2.00	0.00	-6.70
8.60	-3.00	-1.00	-5.60
8.53	-2.00	1.00	-6.53
8.47	-2.00	0.00	-6.47
8.40	-2.00	0.00	-6.40
8.30	-3.00	-1.00	-5.30
8.23	-2.00	1.00	-6.23
8.17	-2.00	0.00	-6.17
8.07	-3.00	-1.00	-5.07
8.00	-2.00	1.00	-6.00
7.94	-2.00	0.00	-5.94
7.87	-2.00	0.00	-5.87
7.81	-2.00	0.00	-5.81
7.74	-2.00	0.00	-5.74
7.68	-2.00	0.00	-5.68
7.61	-2.00	0.00	-5.61
7.55	-2.00	0.00	-5.55
7.48	-2.00	0.00	-5.48
7.41	-2.00	0.00	-5.41
7.35	-2.00	0.00	-5.35
7.28	-2.00	0.00	-5.28
7.22	-2.00	0.00	-5.22
7.15	-2.00	0.00	-5.15
7.09	-2.00	0.00	-5.09
7.02	-2.00	0.00	-5.02
6.96	-2.00	0.00	-4.96
6.86	-3.00	-1.00	-3.86
6.79	-2.00	1.00	-4.79
6.73	-2.00	0.00	-4.73
6.66	-2.00	0.00	-4.66
6.60	-2.00	0.00	-4.60
6.53	-2.00	0.00	-4.53
6.47	-2.00	0.00	-4.47
6.40	-2.00	0.00	-4.40
6.33	-2.00	0.00	-4.33
6.27	-2.00	0.00	-4.27
6.20	-2.00	0.00	-4.20
6.14	-2.00	0.00	-4.14
6.07	-2.00	0.00	-4.07
6.01	-2.00	0.00	-4.01
5.94	-2.00	0.00	-3.94
5.88	-2.00	0.00	-3.88
5.81	-2.00	0.00	-3.81
5.75	-2.00	0.00	-3.75
5.68	-2.00	0.00	-3.68
5.62	-2.00	0.00	-3.62
5.52	-3.00	-1.00	-2.52
5.45	-2.00	1.00	-3.45
5.38	-2.00	0.00	-3.38
5.32	-2.00	0.00	-3.32
5.22	-3.00	-1.00	-2.22
5.15	-2.00	1.00	-3.15
5.09	-2.00	0.00	-3.09
4.99	-3.00	-1.00	-1.99
4.92	-2.00	1.00	-2.92
4.86	-2.00	0.00	-2.86
4.79	-2.00	0.00	-2.79
4.73	-2.00	0.00	-2.73
4.66	-2.00	0.00	-2.66
4.60	-2.00	0.00	-2.60
4.50	-3.00	-1.00	-1.50
4.43	-2.00	1.00	-2.43
4.33	-3.00	-1.00	-1.33
4.26	-2.00	1.00	-2.26
4.20	-2.00	0.00	-2.20
4.13	-2.00	0.00	-2.13
4.07	-2.00	0.00	-2.07
4.00	-2.00	0.00	-2.00
3.94	-2.00	0.00	-1.94
3.87	-2.00	0.00	-1.87
3.80	-2.00	0.00	-1.80
3.74	-2.00	0.00	-1.74
3.68	-2.00	0.00	-1.68
3.61	-2.00	0.00	-1.61
3.54	-2.00	0.00	-1.54
3.44	-3.00	-1.00	-0.44
3.38	-2.00	1.00	-1.38
3.31	-2.00	0.00	-1.31
3.25	-2.00	0.00	-1.25
3.18	-2.00	0.00	-1.18
3.12	-2.00	0.00	-1.12
3.05	-2.00	0.00	-1.05
2.98	-2.00	0.00	-0.98
2.92	-2.00	0.00	-0.92
2.83	-3.00	-1.00	0.17
2.76	-2.00	1.00	-0.76
2.69	-2.00	0.00	-0.69
2.63	-2.00	0.00	-0.63
2.56	-2.00	0.00	-0.56
2.50	-2.00	0.00	-0.50
2.43	-2.00	0.00	-0.43
2.37	-2.00	0.00	-0.37
2.30	-2.00	0.00	-0.30
2.24	-2.00	0.00	-0.24
2.17	-2.00	0.00	-0.17
2.11	-2.00	0.00	-0.11
2.04	-2.00	0.00	-0.04
1.98	-2.00	0.00	0.02
1.91	-2.00	0.00	0.09
1.85	-2.00	0.00	0.15
1.79	-2.00	0.00	0.21
1.72	-2.00	0.00	0.28
1.63	-3.00	-1.00	1.37
1.56	-2.00	1.00	0.44
1.50	-2.00	0.00	0.50
1.44	-2.00	0.00	0.56
1.37	-2.00	0.00	0.63
1.31	-2.00	0.00	0.69
1.25	-2.00	0.00	0.75
1.15	-3.00	-1.00	1.85
1.09	-2.00	1.00	0.91
1.02	-2.00	0.00	0.98
0.96	-2.00	0.00	1.04
0.87	-3.00	-1.00	2.13
0.80	-2.00	1.00	1.20
0.74	-2.00	0.00	1.26
0.67	-2.00	0.00	1.33
0.61	-2.00	0.00	1.39
0.52	-3.00	-1.00	2.48
0.45	-2.00	1.00	1.55
0.39	-2.00	0.00	1.61
0.33	-2.00	0.00	1.67
0.23	-3.00	-1.00	2.77
0.16	-2.00	1.00	1.84
0.10	-2.00	0.00	1.90
0.01	-3.00	-1.00	2.99
-0.09	-3.00	0.00	3.09
-0.16	-2.00	1.00	2.16
-0.22	-2.00	0.00	2.22
-0.32	-3.00	-1.00	3.32
-0.42	-3.00	0.00	3.42
-0.49	-2.00	1.00	2.49
-0.55	-2.00	0.00	2.55
-0.61	-2.00	0.00	2.61
-0.71	-3.00	-1.00	3.71
-0.78	-2.00	1.00	2.78
-0.85	-2.00	0.00	2.85
-0.91	-2.00	0.00	2.91
-1.01	-3.00	-1.00	4.01
-1.08	-2.00	1.00	3.08
-1.14	-2.00	0.00	3.14
-1.21	-2.00	0.00	3.21
-1.27	-2.00	0.00	3.27
-1.34	-2.00	0.00	3.34
-1.40	-2.00	0.00	3.40
-1.47	-2.00	0.00	3.47
-1.53	-2.00	0.00	3.53
-1.60	-2.00	0.00	3.60
-1.66	-2.00	0.00	3.66
-1.73	-2.00	0.00	3.73
-1.82	-3.00	-1.00	4.82
-1.89	-2.00	1.00	3.89
-1.99	-3.00	-1.00	4.99
-2.06	-2.00	1.00	4.06
-2.12	-2.00	0.00	4.12
-2.18	-2.00	0.00	4.18
-2.25	-2.00	0.00	4.25
-2.32	-2.00	0.00	4.32
-2.38	-2.00	0.00	4.38
-2.48	-3.00	-1.00	5.48
-2.54	-2.00	1.00	4.54
-2.61	-2.00	0.00	4.61
-2.68	-2.00	0.00	4.68
-2.74	-2.00	0.00	4.74
-2.80	-2.00	0.00	4.80
-2.87	-2.00	0.00	4.87
-2.94	-2.00	0.00	4.94
-3.03	-3.00	-1.00	6.03
-3.10	-2.00	1.00	5.10
-3.16	-2.00	0.00	5.16
-3.23	-2.00	0.00	5.23
-3.33	-3.00	-1.00	6.33
-3.39	-2.00	1.00	5.39
-3.46	-2.00	0.00	5.46
-3.56	-3.00	-1.00	6.56
-3.63	-2.00	1.00	5.63
-3.69	-2.00	0.00	5.69
-3.75	-2.00	0.00	5.75
-3.82	-2.00	0.00	5.82
-3.89	-2.00	0.00	5.89
-3.95	-2.00	0.00	5.95
-4.02	-2.00	0.00	6.02
-4.08	-2.00	0.00	6.08
-4.15	-2.00	0.00	6.15
-4.24	-3.00	-1.00	7.24
-4.31	-2.00	1.00	6.31
-4.41	-3.00	-1.00	7.41
-4.47	-2.00	1.00	6.47
-4.54	-2.00	0.00	6.54
-4.60	-2.00	0.00	6.60
-4.67	-2.00	0.00	6.67
-4.73	-2.00	0.00	6.73
-4.80	-2.00	0.00	6.80
-4.86	-2.00	0.00	6.86
-4.93	-2.00	0.00	6.93
-4.99	-2.00	0.00	6.99
-5.06	-2.00	0.00	7.06
-5.16	-3.00	-1.00	8.16
-5.22	-2.00	1.00	7.22
-5.29	-2.00	0.00	7.29
-5.35	-2.00	0.00	7.35
-5.45	-3.00	-1.00	8.45
-5.52	-2.00	1.00	7.52
-5.62	-3.00	-1.00	8.62
-5.69	-2.00	1.00	7.69
-5.75	-2.00	0.00	7.75
-5.81	-2.00	0.00	7.81
-5.88	-2.00	0.00	7.88
-5.95	-2.00	0.00	7.95
-6.04	-3.00	-1.00	9.04
-6.11	-2.00	1.00	8.11
-6.17	-2.00	0.00	8.17
-6.24	-2.00	0.00	8.24
-6.30	-2.00	0.00	8.30
-6.37	-2.00	0.00	8.37
-6.43	-2.00	0.00	8.43
-6.50	-2.00	0.00	8.50
-6.60	-3.00	-1.00	9.60
-6.67	-2.00	1.00	8.67
-6.76	-3.00	-1.00	9.76
-6.83	-2.00	1.00	8.83
-6.93	-3.00	-1.00	9.93
-7.00	-2.00	1.00	9.00
-7.06	-2.00	0.00	9.06
-7.12	-2.00	0.00	9.12
-7.22	-3.00	-1.00	10.22
-7.29	-2.00	1.00	9.29
-7.36	-2.00	0.00	9.36
-7.42	-2.00	0.00	9.42
-7.49	-2.00	0.00	9.49
-7.55	-2.00	0.00	9.55
-7.62	-2.00	0.00	9.62
-7.68	-2.00	0.00	9.68
-7.78	-3.00	-1.00	10.78
-7.89	-3.00	0.00	10.89
-7.99	-3.00	0.00	10.99
-8.05	-2.00	1.00	10.05
-8.15	-3.00	-1.00	11.15
-8.22	-2.00	1.00	10.22
-8.29	-2.00	0.00	10.29
-8.36	-2.00	0.00	10.36
-8.42	-2.00	0.00	10.42
-8.49	-2.00	0.00	10.49
-8.56	-2.00	0.00	10.56
-8.66	-3.00	-1.00	11.66
-8.77	-3.00	0.00	11.77
-8.83	-2.00	1.00	10.83
-8.90	-2.00	0.00	10.90
-9.00	-3.00	-1.00	12.00
-9.07	-2.00	1.00	11.07
-9.14	-2.00	0.00	11.14
-9.20	-2.00	0.00	11.20
-9.27	-2.00	0.00	11.27
-9.34	-2.00	0.00	11.34
-9.41	-2.00	0.00	11.41
-9.47	-2.00	0.00	11.47
-9.54	-2.00	0.00	11.54
-9.61	-2.00	0.00	11.61
-9.67	-2.00	0.00	11.67
-9.74	-2.00	0.00	11.74
-9.81	-2.00	0.00	11.81
-9.87	-2.00	0.00	11.87
-9.94	-2.00	0.00	11.94
-10.01	-2.00	0.00	12.01
-10.08	-2.00	0.00	12.08
-10.15	-2.00	0.00	12.15
-10.22	-2.00	0.00	12.22
-10.29	-2.00	0.00	12.29
-10.36	-2.00	0.00	12.36
-10.43	-2.00	0.00	12.43
-10.50	-2.00	0.00	12.50
-10.56	-2.00	0.00	12.56
-10.63	-2.00	0.00	12.63
-10.74	-3.00	-1.00	13.74
-10.81	-2.00	1.00	12.81
-10.88	-2.00	0.00	12.88
-10.94	-2.00	0.00	12.94
-11.01	-2.00	0.00	13.01
-11.08	-2.00	0.00	13.08
-11.15	-2.00	0.00	13.15
-11.22	-2.00	0.00	13.22
-11.29	-2.00	0.00	13.29
-11.39	-3.00	-1.00	14.39
-11.47	-2.00	1.00	13.47
-11.54	-2.00	0.00	13.54
-11.64	-3.00	-1.00	14.64
-11.71	-2.00	1.00	13.71
-11.78	-2.00	0.00	13.78
-11.85	-2.00	0.00	13.85
-11.95	-3.00	-1.00	14.95
-12.06	-3.00	0.00	15.06
-12.13	-2.00	1.00	14.13
-12.20	-2.00	0.00	14.20
-12.27	-2.00	0.00	14.27
-12.37	-3.00	-1.00	15.37
-12.45	-2.00	1.00	14.45
-12.52	-2.00	0.00	14.52
-12.59	-2.00	0.00	14.59
-12.65	-2.00	0.00	14.65
-12.72	-2.00	0.00	14.72
-12.79	-2.00	0.00	14.79
-12.86	-2.00	0.00	14.86
-12.93	-2.00	0.00	14.93
-13.00	-2.00	0.00	15.00
-13.10	-3.00	-1.00	16.10
-13.21	-3.00	0.00	16.21
-13.32	-3.00	0.00	16.32
-13.42	-3.00	0.00	16.42
-13.52	-3.00	0.00	16.52
-13.62	-3.00	0.00	16.62
-13.73	-3.00	0.00	16.73
-13.83	-3.00	0.00	16.83
-13.94	-3.00	0.00	16.94
-14.04	-3.00	0.00	17.04
-14.14	-3.00	0.00	17.14
-14.25	-3.00	0.00	17.25
-14.35	-3.00	0.00	17.35
-14.46	-3.00	0.00	17.46
-14.56	-3.00	0.00	17.56
-14.66	-3.00	0.00	17.66
-14.77	-3.00	0.00	17.77
-14.87	-3.00	0.00	17.87
-14.98	-3.00	0.00	17.98
-15.08	-3.00	0.00	18.08
-15.15	-2.00	1.00	17.15
-15.25	-3.00	-1.00	18.25
-15.36	-3.00	0.00	18.36
-15.47	-3.00	0.00	18.47
-15.57	-3.00	0.00	18.57
-15.67	-3.00	0.00	18.67
-15.77	-3.00	0.00	18.77
-15.88	-3.00	0.00	18.88
-15.98	-3.00	0.00	18.98
-16.09	-3.00	0.00	19.09
-16.19	-3.00	0.00	19.19
-16.29	-3.00	0.00	19.29
-16.36	-2.00	1.00	18.36
-16.47	-3.00	-1.00	19.47
-16.58	-3.00	0.00	19.58
-16.68	-3.00	0.00	19.68
-16.78	-3.00	0.00	19.78
-16.89	-3.00	0.00	19.89
-16.99	-3.00	0.00	19.99
-17.10	-3.00	0.00	20.10
-17.20	-3.00	0.00	20.20
-17.30	-3.00	0.00	20.30
-17.40	-3.00	0.00	20.40
-17.51	-3.00	0.00	20.51
-17.61	-3.00	0.00	20.61
-17.68	-2.00	1.00	19.68
-17.79	-3.00	-1.00	20.79
-17.89	-3.00	0.00	20.89
-18.00	-3.00	0.00	21.00
-18.10	-3.00	0.00	21.10
-18.20	-3.00	0.00	21.20
-18.31	-3.00	0.00	21.31
-18.41	-3.00	0.00	21.41
-18.52	-3.00	0.00	21.52
-18.62	-3.00	0.00	21.62
-18.72	-3.00	0.00	21.72
-18.83	-3.00	0.00	21.83
-18.93	-3.00	0.00	21.93
-19.04	-3.00	0.00	22.04
-19.14	-3.00	0.00	22.14
-19.24	-3.00	0.00	22.24
-19.35	-3.00	0.00	22.35
-19.45	-3.00	0.00	22.45
-19.55	-3.00	0.00	22.55
-19.66	-3.00	0.00	22.66
-19.76	-3.00	0.00	22.76
-19.87	-3.00	0.00	22.87
-19.97	-3.00	0.00	22.97
-20.11	-4.00	-1.00	24.11
-20.32	-6.00	-2.00	26.32
-20.64	-9.00	-3.00	29.64
-21.21	-16.00	-7.00	37.21
-22.25	-28.00	-12.00	50.25
-24.03	-47.00	-19.00	71.03
-26.85	-74.00	-27.00	100.85
-31.18	-111.00	-37.00	142.18
-27.04	106.00	217.00	-78.96
-25.56	39.00	-67.00	-13.44
-23.93	43.00	4.00	-19.07
-21.84	58.00	15.00	-36.16
-19.65	59.00	1.00	-39.35
-17.53	59.00	0.00	-41.47
-15.37	60.00	1.00	-44.63
-13.26	62.00	2.00	-48.74
-10.81	68.00	6.00	-57.19
-7.86	82.00	14.00	-74.14
-4.05	106.00	24.00	-101.95
0.67	124.00	18.00	-124.67
-2.37	-82.00	-206.00	84.37
-3.33	-26.00	56.00	29.33
-4.42	-31.00	-5.00	35.42
-6.43	-56.00	-25.00	62.43
-9.28	-77.00	-21.00	86.28
-13.05	-102.00	-25.00	115.05
-8.76	110.00	212.00	-101.24
-5.88	74.00	-36.00	-68.12
-2.47	92.00	18.00	-89.53
1.70	116.00	24.00	-117.70
-1.61	-92.00	-208.00	93.61
-3.17	-41.00	51.00	44.17
-5.04	-52.00	-11.00	57.04
-8.06	-84.00	-32.00	92.06
-12.21	-112.00	-28.00	124.21
-7.85	109.00	221.00	-101.15
-5.78	53.00	-56.00	-47.22
-3.19	70.00	17.00	-66.81
0.45	104.00	34.00	-104.45
4.93	121.00	17.00	-125.93
1.74	-86.00	-207.00	84.26
0.52	-33.00	53.00	32.48
-0.74	-37.00	-4.00	37.74
-3.00	-63.00	-26.00	66.00
-5.99	-83.00	-20.00	88.99
-9.95	-107.00	-24.00	116.95
-14.67	-121.00	-14.00	135.67
-12.35	58.00	179.00	-45.65
-12.68	-9.00	-67.00	21.68
-13.57	-24.00	-15.00	37.57
-14.52	-25.00	-1.00	39.52
-15.78	-34.00	-9.00	49.78
-17.63	-50.00	-16.00	67.63
-20.37	-74.00	-24.00	94.37
-24.21	-104.00	-30.00	128.21
-29.05	-121.00	-17.00	150.05
-27.33	43.00	164.00	-15.67
-28.44	-29.00	-72.00	57.44
-31.13	-71.00	-42.00	102.13
-35.15	-103.00	-32.00	138.15
-39.99	-121.00	-18.00	160.99
-38.31	43.00	164.00	-4.69
-39.24	-25.00	-68.00	64.24
-41.87	-71.00	-46.00	112.87
-46.16	-110.00	-39.00	156.16
-42.00	104.00	214.00	-62.00
-40.59	36.00	-68.00	4.59
-39.48	31.00	-5.00	8.48
-38.32	34.00	3.00	4.32
-37.16	34.00	0.00	3.16
-36.04	34.00	0.00	2.04
-34.89	34.00	0.00	0.89
-33.76	34.00	0.00	-0.24
-32.57	34.00	0.00	-1.43
-31.38	34.00	0.00	-2.62
-30.23	34.00	0.00	-3.77
-29.04	34.00	0.00	-4.96
-27.88	34.00	0.00	-6.12
-26.69	34.00	0.00	-7.31
-25.50	34.00	0.00	-8.50
-24.35	34.00	0.00	-9.65
-23.19	34.00	0.00	-10.81
-21.97	34.00	0.00	-12.03
-20.74	34.00	0.00	-13.26
-19.52	34.00	0.00	-14.48
-18.29	34.00	0.00	-15.71
-17.10	34.00	0.00	-16.90
-15.91	34.00	0.00	-18.09
-14.69	34.00	0.00	-19.31
-13.47	34.00	0.00	-20.53
-12.24	34.00	0.00	-21.76
-11.02	34.00	0.00	-22.98
-9.86	34.00	0.00	-24.14
-8.67	34.00	0.00	-25.33
-7.48	34.00	0.00	-26.52
-6.29	34.00	0.00	-27.71
-5.10	34.00	0.00	-28.90
-3.95	34.00	0.00	-30.05
-2.79	34.00	0.00	-31.21
-1.60	34.00	0.00	-32.40
-0.41	34.00	0.00	-33.59
0.78	34.00	0.00	-34.78
1.90	34.00	0.00	-35.90
3.06	35.00	1.00	-38.06
4.28	36.00	1.00	-40.28
5.64	40.00	4.00	-45.64
7.17	45.00	5.00	-52.17
9.04	55.00	10.00	-64.04
11.45	71.00	16.00	-82.45
15.02	99.00	28.00	-114.02
19.57	123.00	24.00	-142.57
16.64	-77.00	-200.00	60.36
16.07	-15.00	62.00	-1.07
15.75	-9.00	6.00	-6.75
15.35	-12.00	-3.00	-3.35
14.89	-13.00	-1.00	-1.89
14.42	-13.00	0.00	-1.42
13.96	-13.00	0.00	-0.96
13.51	-13.00	0.00	-0.51
13.05	-13.00	0.00	-0.05
12.61	-13.00	0.00	0.39
12.17	-13.00	0.00	0.83
11.73	-13.00	0.00	1.27
11.28	-13.00	0.00	1.72
10.84	-13.00	0.00	2.16
10.41	-13.00	0.00	2.59
9.97	-13.00	0.00	3.03
9.54	-13.00	0.00	3.46
9.11	-13.00	0.00	3.89
8.70	-13.00	0.00	4.30
8.27	-13.00	0.00	4.73
7.84	-13.00	0.00	5.16
7.41	-13.00	0.00	5.59
6.98	-13.00	0.00	6.02
6.57	-13.00	0.00	6.43
6.14	-13.00	0.00	6.86
5.71	-13.00	0.00	7.29
5.28	-13.00	0.00	7.72
4.88	-13.00	0.00	8.12
4.45	-13.00	0.00	8.55
4.02	-13.00	0.00	8.98
3.59	-13.00	0.00	9.41
3.17	-13.00	0.00	9.83
2.74	-13.00	0.00	10.26
2.30	-13.00	0.00	10.70
1.86	-13.00	0.00	11.14
1.42	-13.00	0.00	11.58
0.99	-13.00	0.00	12.01
0.55	-13.00	0.00	12.45
0.10	-13.00	0.00	12.90
-0.32	-13.00	0.00	13.32
-0.78	-13.00	0.00	13.78
-1.19	-12.00	1.00	13.19
-1.64	-13.00	-1.00	14.64
-2.11	-13.00	0.00	15.11
-2.55	-13.00	0.00	15.55
-3.01	-13.00	0.00	16.01
-3.45	-13.00	0.00	16.45
-3.90	-13.00	0.00	16.90
-4.36	-13.00	0.00	17.36
-4.80	-13.00	0.00	17.80
-5.26	-13.00	0.00	18.26
-5.70	-13.00	0.00	18.70
-6.15	-13.00	0.00	19.15
-6.61	-13.00	0.00	19.61
-7.05	-13.00	0.00	20.05
-7.51	-13.00	0.00	20.51
-8.00	-14.00	-1.00	22.00
-8.49	-14.00	0.00	22.49
-9.01	-15.00	-1.00	24.01
-9.55	-15.00	0.00	24.55
-10.20	-19.00	-4.00	29.20
-11.08	-24.00	-5.00	35.08
-12.27	-32.00	-8.00	44.27
-13.96	-47.00	-15.00	60.96
-16.51	-67.00	-20.00	83.51
-19.91	-92.00	-25.00	111.91
-15.00	126.00	218.00	-111.00
-11.32	92.00	-34.00	-80.68
-15.91	-121.00	-213.00	136.91
-20.42	-110.00	11.00	130.42
-25.18	-122.00	-12.00	147.18
-23.66	38.00	160.00	-14.34
-24.88	-32.00	-70.00	56.88
-27.36	-69.00	-37.00	96.36
-31.05	-97.00	-28.00	128.05
-26.68	112.00	209.00	-85.32
-24.07	67.00	-45.00	-42.93
-21.14	77.00	10.00	-55.86
-17.29	104.00	27.00	-86.71
-13.22	110.00	6.00	-96.78
-17.26	-109.00	-219.00	126.26
-20.04	-68.00	41.00	88.04
-23.72	-102.00	-34.00	125.72
-19.36	109.00	211.00	-89.64
-17.48	48.00	-61.00	-30.52
-15.17	61.00	13.00	-45.83
-12.18	83.00	22.00	-70.82
-8.55	98.00	15.00	-89.45
-12.91	-121.00	-219.00	133.91
-17.50	-112.00	9.00	129.50
-22.17	-123.00	-11.00	145.17
-20.69	37.00	160.00	-16.31
-21.95	-35.00	-72.00	56.95
-24.80	-75.00	-40.00	99.80
-28.68	-102.00	-27.00	130.68
-33.52	-121.00	-19.00	154.52
-31.52	50.00	171.00	-18.48
-32.28	-20.00	-70.00	52.28
-34.41	-56.00	-36.00	90.41
-37.52	-84.00	-28.00	121.52
-42.39	-125.00	-41.00	167.39
-39.11	82.00	207.00	-42.89
-38.56	15.00	-67.00	23.56
-38.48	2.00	-13.00	36.48
-38.45	1.00	-1.00	37.45
-38.58	-4.00	-5.00	42.58
-39.23	-18.00	-14.00	57.23
-40.79	-41.00	-23.00	81.79
-43.52	-72.00	-31.00	115.52
-47.86	-114.00	-42.00	161.86
-43.98	97.00	211.00	-53.02
-42.80	31.00	-66.00	11.80
-41.90	25.00	-6.00	16.90
-41.00	25.00	0.00	16.00
-40.12	25.00	0.00	15.12
-39.25	25.00	0.00	14.25
-38.40	25.00	0.00	13.40
-37.55	25.00	0.00	12.55
-36.67	25.00	0.00	11.67
-35.80	25.00	0.00	10.80
-34.92	25.00	0.00	9.92
-34.10	25.00	0.00	9.10
-33.27	25.00	0.00	8.27
-32.42	25.00	0.00	7.42
-31.57	25.00	0.00	6.57
-30.72	25.00	0.00	5.72
-29.92	25.00	0.00	4.92
-29.07	25.00	0.00	4.07
-28.22	25.00	0.00	3.22
-27.37	25.00	0.00	2.37
-26.52	25.00	0.00	1.52
-25.72	25.00	0.00	0.72
-24.87	25.00	0.00	-0.13
-24.00	25.00	0.00	-1.00
-23.12	25.00	0.00	-1.88
-22.30	25.00	0.00	-2.70
-21.42	25.00	0.00	-3.58
-20.55	25.00	0.00	-4.45
-19.67	25.00	0.00	-5.33
-18.80	25.00	0.00	-6.20
-17.95	25.00	0.00	-7.05
-17.10	25.00	0.00	-7.90
-16.22	25.00	0.00	-8.78
-15.35	25.00	0.00	-9.65
-14.47	25.00	0.00	-10.53
-13.63	24.00	-1.00	-10.37
-12.73	25.00	1.00	-12.27
-11.83	25.00	0.00	-13.17
-10.93	25.00	0.00	-14.07
-10.03	25.00	0.00	-14.97
-9.13	25.00	0.00	-15.87
-8.28	25.00	0.00	-16.72
-7.43	25.00	0.00	-17.57
-6.56	25.00	0.00	-18.44
-5.68	25.00	0.00	-19.32
-4.83	25.00	0.00	-20.17
-3.96	25.00	0.00	-21.04
-3.08	25.00	0.00	-21.92
-2.23	25.00	0.00	-22.77
-1.36	25.00	0.00	-23.64
-0.51	25.00	0.00	-24.49
0.37	25.00	0.00	-25.37
1.22	25.00	0.00	-26.22
2.04	25.00	0.00	-27.04
2.89	25.00	0.00	-27.89
3.74	25.00	0.00	-28.74
4.59	25.00	0.00	-29.59
5.44	25.00	0.00	-30.44
6.27	25.00	0.00	-31.27
7.12	25.00	0.00	-32.12
7.97	25.00	0.00	-32.97
8.82	25.00	0.00	-33.82
9.62	25.00	0.00	-34.62
10.47	25.00	0.00	-35.47
11.38	26.00	1.00	-37.38
12.29	26.00	0.00	-38.29
13.27	28.00	2.00	-41.27
14.35	32.00	4.00	-46.35
15.79	40.00	8.00	-55.79
17.65	53.00	13.00	-70.65
20.24	72.00	19.00	-92.24
24.09	107.00	35.00	-131.09
19.65	-117.00	-224.00	97.35
17.31	-60.00	57.00	42.69
14.82	-71.00	-11.00	56.18
11.12	-100.00	-29.00	88.88
6.41	-124.00	-24.00	117.59
10.48	107.00	231.00	-117.48
12.58	54.00	-53.00	-66.58
15.65	83.00	29.00	-98.65
19.69	112.00	29.00	-131.69
16.30	-89.00	-201.00	72.70
15.13	-31.00	58.00	15.87
14.15	-28.00	3.00	13.85
12.64	-43.00	-15.00	30.36
10.83	-49.00	-6.00	38.17
8.85	-55.00	-6.00	46.15
6.61	-64.00	-9.00	57.39
3.99	-77.00	-13.00	73.01
0.57	-95.00	-18.00	94.43
-3.82	-122.00	-27.00	125.82
0.19	103.00	225.00	-103.19
1.90	45.00	-58.00	-46.90
4.17	63.00	18.00	-67.17
7.53	96.00	33.00	-103.53
11.49	113.00	17.00	-124.49
7.99	-92.00	-205.00	84.01
6.51	-40.00	52.00	33.49
4.97	-44.00	-4.00	39.03
2.59	-68.00	-24.00	65.41
-0.47	-85.00	-17.00	85.47
-4.46	-108.00	-23.00	112.46
-0.43	109.00	217.00	-108.57
2.49	75.00	-34.00	-77.49
5.99	97.00	22.00	-102.99
10.49	125.00	28.00	-135.49
7.52	-78.00	-203.00	70.48
6.82	-19.00	59.00	12.18
6.33	-14.00	5.00	7.67
5.50	-26.00	-12.00	20.50
4.42	-30.00	-4.00	25.58
3.37	-30.00	0.00	26.63
2.31	-31.00	-1.00	28.69
1.16	-33.00	-2.00	31.84
-0.17	-39.00	-6.00	39.17
-1.93	-49.00	-10.00	50.93
-4.23	-62.00	-13.00	66.23
-7.07	-79.00	-17.00	86.07
-10.88	-103.00	-24.00	113.88
-6.44	111.00	214.00	-104.56
-3.40	78.00	-33.00	-74.60
0.30	100.00	22.00	-100.30
4.87	127.00	27.00	-131.87
1.91	-80.00	-207.00	78.09
1.10	-22.00	58.00	20.90
0.40	-20.00	2.00	19.60
-0.82	-37.00	-17.00	37.82
-2.64	-49.00	-12.00	51.64
-4.80	-60.00	-11.00	64.80
-7.61	-76.00	-16.00	83.61
-11.27	-99.00	-23.00	110.27
-6.63	119.00	218.00	-112.37
-3.25	89.00	-30.00	-85.75
-7.72	-121.00	-210.00	128.72
-12.28	-114.00	7.00	126.28
-16.88	-121.00	-7.00	137.88
-15.28	41.00	162.00	-25.72
-16.39	-30.00	-71.00	46.39
-18.58	-59.00	-29.00	77.58
-21.58	-79.00	-20.00	100.58
-25.91	-111.00	-32.00	136.91
-21.55	109.00	220.00	-87.45
-19.79	45.00	-64.00	-25.21
-17.70	55.00	10.00	-37.30
-14.96	74.00	19.00	-59.04
-11.98	83.00	9.00	-71.02
-8.51	99.00	16.00	-90.49
-4.55	110.00	11.00	-105.45
-8.43	-102.00	-212.00	110.43
-10.75	-58.00	44.00	68.75
-13.67	-79.00	-21.00	92.67
-18.15	-121.00	-42.00	139.15
-14.23	98.00	219.00	-83.77
-12.86	36.00	-62.00	-23.14
-11.19	44.00	8.00	-32.81
-9.05	61.00	17.00	-51.95
-6.75	64.00	3.00	-57.25
-4.33	71.00	7.00	-66.67
-1.29	87.00	16.00	-85.71
-5.65	-121.00	-208.00	126.65
-10.57	-123.00	-2.00	133.57
-6.55	103.00	226.00	-96.45
-5.14	38.00	-65.00	-32.86
-3.34	50.00	12.00	-46.66
-0.71	73.00	23.00	-72.29
2.53	90.00	17.00	-92.53
-1.50	-115.00	-205.00	116.50
-6.18	-117.00	-2.00	123.18
-10.78	-121.00	-4.00	131.78
-8.69	55.00	176.00	-46.31
-9.08	-11.00	-66.00	20.08
-10.01	-25.00	-14.00	35.01
-10.96	-25.00	0.00	35.96
-12.07	-31.00	-6.00	43.07
-13.63	-42.00	-11.00	55.63
-15.85	-60.00	-18.00	75.85
-19.00	-83.00	-23.00	102.00
-23.45	-117.00	-34.00	140.45
-19.33	103.00	220.00	-83.67
-17.85	38.00	-65.00	-20.15
-16.14	45.00	7.00	-28.86
-13.98	60.00	15.00	-46.02
-11.74	62.00	2.00	-50.26
-9.44	64.00	2.00	-54.56
-6.89	73.00	9.00	-66.11
-3.89	88.00	15.00	-84.11
-8.29	-122.00	-210.00	130.29
-13.16	-125.00	-3.00	138.16
-9.30	99.00	224.00	-89.70
-8.00	35.00	-64.00	-27.00
-6.41	43.00	8.00	-36.59
-4.28	61.00	18.00	-56.72
-1.83	70.00	9.00	-68.17
1.03	84.00	14.00	-85.03
4.84	109.00	25.00	-113.84
0.25	-124.00	-233.00	123.75
-2.90	-81.00	43.00	83.90
-6.86	-110.00	-29.00	116.86
-2.61	109.00	219.00	-106.39
-0.56	54.00	-55.00	-53.44
2.14	73.00	19.00	-75.14
5.95	109.00	36.00	-114.95
1.33	-125.00	-234.00	123.67
-1.87	-82.00	43.00	83.87
-5.75	-111.00	-29.00	116.75
-1.54	108.00	219.00	-106.46
0.56	54.00	-54.00	-54.56
3.08	72.00	18.00	-75.08
6.86	108.00	36.00	-114.86
2.20	-126.00	-234.00	123.80
-1.00	-82.00	44.00	83.00
-5.06	-113.00	-31.00	118.06
-0.93	106.00	219.00	-105.07
1.01	51.00	-55.00	-52.01
3.49	71.00	20.00	-74.49
7.20	106.00	35.00	-113.20
11.87	126.00	20.00	-137.87
8.83	-80.00	-206.00	71.17
8.05	-21.00	59.00	12.95
7.45	-17.00	4.00	9.55
6.56	-28.00	-11.00	21.44
5.48	-30.00	-2.00	24.52
4.39	-31.00	-1.00	26.61
3.31	-31.00	0.00	27.69
2.25	-31.00	0.00	28.75
1.17	-32.00	-1.00	30.83
-0.06	-36.00	-4.00	36.06
-1.64	-44.00	-8.00	45.64
-3.55	-53.00	-9.00	56.55
-5.90	-67.00	-14.00	72.90
-9.04	-85.00	-18.00	94.04
-13.11	-110.00	-25.00	123.11
-17.83	-121.00	-11.00	138.83
-15.75	52.00	173.00	-36.25
-16.32	-15.00	-67.00	31.32
-17.54	-33.00	-18.00	50.54
-19.10	-41.00	-8.00	60.10
-21.28	-59.00	-18.00	80.28
-24.51	-85.00	-26.00	109.51
-29.23	-121.00	-36.00	150.23
-25.43	95.00	216.00	-69.57
-24.21	32.00	-63.00	-7.79
-23.13	31.00	-1.00	-7.87
-21.73	39.00	8.00	-17.27
-20.32	39.00	0.00	-18.68
-18.92	39.00	0.00	-20.08
-17.51	39.00	0.00	-21.49
-16.15	39.00	0.00	-22.85
-14.78	39.00	0.00	-24.22
-13.38	39.00	0.00	-25.62
-11.98	39.00	0.00	-27.02
-10.57	39.00	0.00	-28.43
-9.17	39.00	0.00	-29.83
-7.84	39.00	0.00	-31.16
-6.52	39.00	0.00	-32.48
-5.15	39.00	0.00	-33.85
-3.79	39.00	0.00	-35.21
-2.46	39.00	0.00	-36.54
-1.09	39.00	0.00	-37.91
0.23	39.00	0.00	-39.23
1.63	41.00	2.00	-42.63
3.05	42.00	1.00	-45.05
4.62	46.00	4.00	-50.62
6.42	53.00	7.00	-59.42
8.53	64.00	11.00	-72.53
11.47	84.00	20.00	-95.47
7.12	-121.00	-205.00	113.88
2.63	-115.00	6.00	112.37
6.70	113.00	228.00	-119.70
9.70	79.00	-34.00	-88.70
13.59	108.00	29.00	-121.59
9.48	-111.00	-219.00	101.52
7.06	-62.00	49.00	54.94
4.37	-77.00	-15.00	72.63
0.44	-109.00	-32.00	108.56
4.48	109.00	218.00	-113.48
7.56	81.00	-28.00	-88.56
11.41	107.00	26.00	-118.41
7.04	-115.00	-222.00	107.96
4.42	-67.00	48.00	62.58
1.53	-85.00	-18.00	83.47
-2.82	-121.00	-36.00	123.82
1.27	105.00	226.00	-106.27
3.17	50.00	-55.00	-53.17
5.69	70.00	20.00	-75.69
9.30	106.00	36.00	-115.30
4.60	-127.00	-233.00	122.40
1.32	-84.00	43.00	82.68
-2.56	-111.00	-27.00	113.56
1.65	108.00	219.00	-109.65
3.74	55.00	-53.00	-58.74
6.48	76.00	21.00	-82.48
2.24	-121.00	-197.00	118.76
-2.36	-121.00	0.00	123.36
-6.87	-122.00	-1.00	128.87
-4.93	51.00	173.00	-46.07
-5.44	-14.00	-65.00	19.44
-6.44	-27.00	-13.00	33.44
-7.44	-27.00	0.00	34.44
-8.56	-32.00	-5.00	40.56
-9.96	-40.00	-8.00	49.96
-11.85	-54.00	-14.00	65.85
-14.66	-74.00	-20.00	88.66
-18.42	-99.00	-25.00	117.42
-13.93	115.00	214.00	-101.07
-10.73	80.00	-35.00	-69.27
-6.90	101.00	21.00	-94.10
-2.27	125.00	24.00	-122.73
-5.33	-85.00	-210.00	90.33
-6.66	-35.00	50.00	41.66
-8.25	-44.00	-9.00	52.25
-10.87	-73.00	-29.00	83.87
-14.64	-99.00	-26.00	113.64
-9.92	121.00	220.00	-111.08
-6.50	90.00	-31.00	-83.50
-10.97	-121.00	-211.00	131.97
-15.61	-113.00	8.00	128.61
-20.08	-121.00	-8.00	141.08
-18.52	40.00	161.00	-21.48
-19.66	-30.00	-70.00	49.66
-21.98	-61.00	-31.00	82.98
-24.98	-81.00	-20.00	105.98
-29.46	-115.00	-34.00	144.46
-25.34	103.00	218.00	-77.66
-23.94	36.00	-67.00	-12.06
-22.42	40.00	4.00	-17.58
-20.60	52.00	12.00	-31.40
-18.73	52.00	0.00	-33.27
-16.82	53.00	1.00	-36.18
-14.91	53.00	0.00	-38.09
-13.00	53.00	0.00	-40.00
-11.06	54.00	1.00	-42.94
-9.19	55.00	1.00	-45.81
-7.16	58.00	3.00	-50.84
-4.92	64.00	6.00	-59.08
-2.29	75.00	11.00	-72.71
1.16	96.00	21.00	-97.16
5.01	110.00	14.00	-115.01
1.41	-100.00	-210.00	98.59
-0.64	-54.00	46.00	54.64
-2.99	-67.00	-13.00	69.99
-6.65	-99.00	-32.00	105.65
-2.01	122.00	221.00	-119.99
1.69	95.00	-27.00	-96.69
5.62	109.00	14.00	-114.62
2.03	-97.00	-206.00	94.97
0.23	-50.00	47.00	49.77
-1.91	-61.00	-11.00	62.91
-5.27	-91.00	-30.00	96.27
-9.52	-118.00	-27.00	127.52
-5.31	108.00	226.00	-102.69
-3.56	45.00	-63.00	-41.44
-1.30	61.00	16.00	-59.70
1.96	93.00	32.00	-94.96
-2.28	-121.00	-214.00	123.28
-6.88	-115.00	6.00	121.88
-11.23	-121.00	-6.00	132.23
-9.17	53.00	174.00	-43.83
-9.61	-12.00	-65.00	21.61
-10.54	-25.00	-13.00	35.54
-11.49	-25.00	0.00	36.49
-12.57	-31.00	-6.00	43.57
-14.16	-44.00	-13.00	58.16
-16.51	-62.00	-18.00	78.51
-19.78	-86.00	-24.00	105.78
-24.46	-120.00	-34.00	144.46
-20.62	96.00	216.00	-75.38
-19.44	31.00	-65.00	-11.56
-18.30	30.00	-1.00	-11.70
-16.90	40.00	10.00	-23.10
-15.46	39.00	-1.00	-23.54
-13.98	40.00	1.00	-26.02
-12.54	40.00	0.00	-27.46
-11.10	40.00	0.00	-28.90
-9.70	40.00	0.00	-30.30
-8.30	40.00	0.00	-31.70
-6.94	40.00	0.00	-33.06
-5.54	40.00	0.00	-34.46
-4.10	41.00	1.00	-36.90
-2.71	41.00	0.00	-38.29
-1.27	41.00	0.00	-39.73
