74	49	122	80	90	119	100	-102	-60	66	122	-77	39	49	122	80	90	119	100	-102	-60	66	122	-77	39	
124	50	122	80	90	119	100	-102	-59	66	122	-77	39	50	122	80	90	119	100	-102	-59	66	122	-77	39	
174	50	122	80	90	118	100	-102	-59	66	122	-77	39	50	122	80	90	118	100	-102	-59	66	122	-77	39	
224	50	122	80	90	119	100	-102	-59	66	122	-77	39	50	122	80	90	119	100	-102	-59	66	122	-77	39	
274	50	122	80	90	119	101	-102	-59	66	122	-77	39	50	122	80	90	119	101	-102	-59	66	122	-77	39	
324	50	122	80	90	119	100	-102	-59	65	122	-77	39	50	122	80	90	119	100	-102	-59	65	122	-77	39	
374	50	122	80	90	119	100	-102	-59	66	122	-77	39	50	122	80	90	119	100	-102	-59	66	122	-77	39	
424	50	122	80	90	119	100	-102	-59	65	122	-77	39	50	122	80	90	119	100	-102	-59	65	122	-77	39	
474	50	122	80	90	119	100	-102	-59	66	122	-77	39	50	122	80	90	119	100	-102	-59	66	122	-77	39	
525	50	122	80	90	119	101	-102	-59	66	122	-78	39	50	122	80	90	119	101	-102	-59	66	122	-78	39	
575	49	122	80	90	119	100	-102	-59	66	122	-77	39	49	122	80	90	119	100	-102	-59	66	122	-77	39	
625	50	122	80	90	119	100	-103	-59	66	122	-77	39	50	122	80	90	119	100	-103	-59	66	122	-77	39	
675	50	122	80	90	119	100	-102	-59	65	122	-77	39	50	122	80	90	119	100	-102	-59	65	122	-77	39	
725	50	122	80	90	118	100	-103	-59	65	122	-77	39	50	122	80	90	118	100	-103	-59	65	122	-77	39	
776	50	122	80	90	119	100	-102	-59	66	122	-77	39	50	122	80	90	119	100	-102	-59	66	122	-77	39	
826	50	122	80	90	119	100	-102	-59	65	122	-77	39	50	122	80	90	119	100	-102	-59	65	122	-77	39	
876	50	122	80	90	119	100	-102	-59	65	122	-77	39	50	122	80	90	119	100	-102	-59	65	122	-77	39	
928	50	122	80	90	119	100	-102	-59	66	122	-78	39	50	122	80	90	119	100	-102	-59	66	122	-78	39	
978	49	122	80	90	119	100	-102	-60	66	122	-77	39	49	122	80	90	119	100	-102	-60	66	122	-77	39	
1028	50	122	80	90	118	100	-102	-59	65	122	-77	39	50	122	80	90	118	100	-102	-59	65	122	-77	39	
1078	50	122	80	90	119	100	-103	-59	66	122	-78	39	50	122	80	90	119	100	-103	-59	66	122	-78	39	
1129	50	122	80	90	119	100	-102	-59	65	122	-77	39	50	122	80	90	119	100	-102	-59	65	122	-77	39	
1182	50	122	80	90	119	100	-102	-59	65	122	-77	39	50	122	80	90	119	100	-102	-59	65	122	-77	39	
1233	50	122	80	90	119	100	-102	-59	65	122	-77	39	50	122	80	90	119	100	-102	-59	65	122	-77	39	
1284	50	122	80	90	119	101	-102	-59	66	122	-78	39	50	122	80	90	119	101	-102	-59	66	122	-78	39	
1335	50	122	80	90	119	101	-102	-60	65	122	-77	39	50	122	80	90	119	101	-102	-60	65	122	-77	39	
1385	49	122	80	90	119	100	-102	-59	66	122	-77	39	49	122	80	90	119	100	-102	-59	66	122	-77	39	
1435	50	122	80	90	119	100	-102	-59	65	122	-77	39	50	122	80	90	119	100	-102	-59	65	122	-77	39	
1485	50	122	80	90	119	100	-102	-59	66	122	-77	39	50	122	80	90	119	100	-102	-59	66	122	-77	39	
1535	49	122	80	90	119	100	-102	-59	65	122	-77	39	49	122	80	90	119	100	-102	-59	65	122	-77	39	
1585	50	122	80	90	119	100	-102	-59	65	122	-78	39	50	122	80	90	119	100	-102	-59	65	122	-78	39	
1636	50	122	80	90	119	101	-102	-60	65	122	-77	39	50	122	80	90	119	101	-102	-60	65	122	-77	39	
1690	50	122	80	90	119	100	-102	-59	66	122	-77	39	50	122	80	90	119	100	-102	-59	66	122	-77	39	
1740	50	122	80	90	119	100	-102	-59	66	122	-77	39	50	122	80	90	119	100	-102	-59	66	122	-77	39	
1790	50	122	80	90	119	100	-102	-59	66	122	-78	39	50	122	80	90	119	100	-102	-59	66	122	-78	39	
1840	50	122	80	90	119	101	-102	-60	65	122	-77	39	50	122	80	90	119	101	-102	-60	65	122	-77	39	
1890	50	122	80	90	119	100	-102	-60	65	122	-77	39	50	122	80	90	119	100	-102	-60	65	122	-77	39	
1940	50	122	80	90	119	101	-102	-60	65	122	-77	39	50	122	80	90	119	101	-102	-60	65	122	-77	39	
1997	50	122	80	90	119	100	-102	-59	65	122	-77	39	50	122	80	90	119	100	-102	-59	65	122	-77	39	
2047	50	122	80	90	119	100	-102	-60	66	122	-77	39	50	122	80	90	119	100	-102	-60	66	122	-77	39	
2097	50	122	80	90	119	100	-102	-60	65	122	-77	39	50	122	80	90	119	100	-102	-60	65	122	-77	39	
2147	50	122	80	90	119	101	-102	-59	65	122	-77	39	50	122	80	90	119	101	-102	-59	65	122	-77	39	
2197	50	122	80	90	119	100	-102	-59	65	122	-77	39	50	122	80	90	119	100	-102	-59	65	122	-77	39	
2247	50	122	80	90	119	100	-102	-60	65	122	-77	39	50	122	80	90	119	100	-102	-60	65	122	-77	39	
2298	50	122	80	90	119	100	-102	-59	66	122	-77	39	50	122	80	90	119	100	-102	-59	66	122	-77	39	
2355	50	122	80	90	119	100	-102	-59	66	122	-77	39	50	122	80	90	119	100	-102	-59	66	122	-77	39	
2412	50	122	80	91	119	100	-102	-59	66	122	-77	39	50	122	80	91	119	100	-102	-59	66	122	-77	39	
2462	50	122	80	90	119	100	-103	-59	66	122	-78	39	50	122	80	90	119	100	-103	-59	66	122	-78	39	
2512	50	122	80	90	119	100	-102	-59	66	122	-77	39	50	122	80	90	119	100	-102	-59	66	122	-77	39	
2562	50	122	80	90	119	100	-102	-59	66	122	-77	39	50	122	80	90	119	100	-102	-59	66	122	-77	39	
2612	50	122	80	90	119	100	-102	-59	65	122	-77	39	50	122	80	90	119	100	-102	-59	65	122	-77	39	
2662	50	122	80	90	119	100	-102	-59	65	122	-77	39	50	122	80	90	119	100	-102	-59	65	122	-77	39	
2717	50	122	80	90	119	100	-102	-59	66	122	-77	39	50	122	80	90	119	100	-102	-59	66	122	-77	39	
2773	50	122	80	90	118	100	-103	-59	65	122	-78	39	50	122	80	90	118	100	-103	-59	65	122	-78	39	
2823	50	122	80	90	119	100	-102	-59	66	122	-77	39	50	122	80	90	119	100	-102	-59	66	122	-77	39	
2873	50	122	80	90	119	100	-102	-59	65	122	-77	39	50	122	80	90	119	100	-102	-59	65	122	-77	39	
2923	50	122	80	90	119	100	-102	-59	65	122	-77	39	50	122	80	90	119	100	-102	-59	65	122	-77	39	
2973	50	122	80	90	119	100	-103	-59	66	122	-77	39	50	122	80	90	119	100	-103	-59	66	122	-77	39	
3023	50	122	80	90	119	100	-103	-59	65	122	-77	39	50	122	80	90	119	100	-103	-59	65	122	-77	39	
3078	50	122	80	90	119	100	-102	-61	65	122	-77	39	50	122	80	90	119	100	-102	-61	65	122	-77	39	
3134	50	122	80	90	119	100	-102	-59	65	122	-77	39	50	122	80	90	119	100	-102	-59	65	122	-77	39	
3184	49	122	80	90	119	100	-102	-59	66	122	-77	39	49	122	80	90	119	100	-102	-59	66	122	-77	39	
3234	50	122	80	90	119	100	-102	-59	65	122	-77	39	50	122	80	90	119	100	-102	-59	65	122	-77	39	
3284	50	122	80	90	119	100	-102	-59	65	122	-77	39	50	122	80	90	119	100	-102	-59	65	122	-77	39	
3334	50	122	80	90	119	100	-102	-59	65	122	-77	39	50	122	80	90	119	100	-102	-59	65	122	-77	39	
3384	50	122	80	90	119	100	-102	-59	66	122	-77	39	50	122	80	90	119	100	-102	-59	66	122	-77	39	
3434	50	122	80	90	119	101	-102	-59	66	122	-77	39	50	122	80	90	119	101	-102	-59	66	122	-77	39	
3484	49	122	80	90	119	100	-102	-59	65	122	-77	39	49	122	80	90	119	100	-102	-59	65	122	-77	39	
3534	50	122	80	90	119	100	-102	-59	65	122	-77	39	50	122	80	90	119	100	-102	-59	65	122	-77	39	
3584	50	122	80	90	119	100	-102	-59	66	122	-77	39	50	122	80	90	119	100	-102	-59	66	122	-77	39	
3634	50	122	80	90	119	100	-102	-59	66	122	-77	39	50	122	80	90	119	100	-102	-59	66	122	-77	39	
3684	50	122	80	90	119	100	-102	-59	65	122	-77	39	50	122	80	90	119	100	-102	-59	65	122	-77	39	
3734	50	122	80	90	119	100	-102	-59	66	122	-77	39	50	122	80	90	119	100	-102	-59	66	122	-77	39	
3784	50	122	80	90	119	100	-102	-59	65	122	-77	39	50	122	80	90	119	100	-102	-59	65	122	-77	39	
3834	50	122	80	90	119	100	-102	-59	65	122	-77	39	50	122	80	90	119	100	-102	-59	65	122	-77	39	
3884	50	122	80	90	119	100	-102	-60	65	122	-77	39	50	122	80	90	119	100	-102	-60	65	122	-77	39	
3934	50	122	80	90	119	100	-102	-60	65	122	-77	39	50	122	80	90	119	100	-102	-60	65	122	-77	39	
3984	50	122	80	90	119	100	-102	-59	66	122	-77	39	50	122	80	90	119	100	-102	-59	66	122	-77	39	
4035	50	122	80	90	119	100	-102	-59	65	122	-77	39	50	122	80	90	119	100	-102	-59	65	122	-77	39	
4085	50	122	80	90	119	100	-102	-59	65	122	-77	39	50	122	80	90	119	100	-102	-59	65	122	-77	39	
4135	50	122	80	90	119	100	-102	-59	66	122	-77	39	50	122	80	90	119	100	-102	-59	66	122	-77	39	
4185	50	122	80	90	119	100	-102	-59	66	122	-77	39	50	122	80	90	119	100	-102	-59	66	122	-77	39	
4235	50	122	80	90	119	100	-102	-59	66	122	-77	39	50	122	80	90	119	100	-102	-59	66	122	-77	39	
4292	50	122	80	90	119	100	-102	-59	66	122	-77	39	50	122	80	90	119	100	-102	-59	66	122	-77	39	
4342	49	122	80	90	119	100	-102	-60	65	122	-77	39	49	122	80	90	119	100	-102	-60	65	122	-77	39	
4392	50	122	80	90	119	100	-103	-59	66	122	-77	39	50	122	80	90	119	100	-103	-59	66	122	-77	39	
4442	50	122	80	91	119	100	-102	-59	66	122	-77	39	50	122	80	91	119	100	-102	-59	66	122	-77	39	
4492	50	122	80	90	119	100	-102	-59	65	122	-77	39	50	122	80	90	119	100	-102	-59	65	122	-77	39	
4542	50	122	80	90	119	100	-103	-60	65	122	-77	39	50	122	80	90	119	100	-103	-60	65	122	-77	39	
4598	49	122	80	90	119	101	-102	-59	66	122	-77	39	49	122	80	90	119	101	-102	-59	66	122	-77	39	
4648	50	122	80	90	119	100	-102	-59	66	122	-77	39	50	122	80	90	119	100	-102	-59	66	122	-77	39	
4698	50	122	80	90	119	100	-102	-59	65	122	-77	39	50	122	80	90	119	100	-102	-59	65	122	-77	39	
4748	50	122	80	90	118	100	-102	-60	65	122	-77	39	50	122	80	90	118	100	-102	-60	65	122	-77	39	
4798	50	122	80	90	119	100	-102	-59	65	122	-77	39	50	122	80	90	119	100	-102	-59	65	122	-77	39	
4848	50	122	80	90	119	101	-102	-59	66	122	-77	39	50	122	80	90	119	101	-102	-59	66	122	-77	39	
4898	50	122	80	90	119	100	-102	-60	65	122	-77	39	50	122	80	90	119	100	-102	-60	65	122	-77	39	
4951	50	122	80	90	119	100	-102	-60	66	122	-77	39	50	122	80	90	119	100	-102	-60	66	122	-77	39	
5002	50	122	80	90	119	100	-102	-59	66	122	-78	39	50	122	80	90	119	100	-102	-59	66	122	-78	39	
5052	50	122	80	90	119	100	-102	-59	65	122	-77	39	50	122	80	90	119	100	-102	-59	65	122	-77	39	
5102	50	122	80	91	119	100	-102	-59	65	122	-77	39	50	122	80	91	119	100	-102	-59	65	122	-77	39	
5152	50	122	80	90	119	100	-102	-59	66	122	-77	39	50	122	80	90	119	100	-102	-59	66	122	-77	39	
5204	50	122	80	90	119	101	-102	-59	66	122	-77	39	50	122	80	90	119	101	-102	-59	66	122	-77	39	
5254	50	122	80	90	119	100	-102	-60	66	122	-77	39	50	122	80	90	119	100	-102	-60	66	122	-77	39	
5304	50	122	80	90	119	101	-102	-59	65	122	-77	39	50	122	80	90	119	101	-102	-59	65	122	-77	39	
5354	50	122	80	90	119	100	-102	-59	66	122	-78	39	50	122	80	90	119	100	-102	-59	66	122	-78	39	
5404	50	122	80	90	119	100	-102	-59	66	122	-77	39	50	122	80	90	119	100	-102	-59	66	122	-77	39	
5454	50	122	80	90	119	100	-102	-59	66	122	-77	39	50	122	80	90	119	100	-102	-59	66	122	-77	39	
5504	50	122	80	90	119	100	-102	-59	66	122	-77	39	50	122	80	90	119	100	-102	-59	66	122	-77	39	
5554	50	122	80	90	119	100	-102	-59	65	122	-77	39	50	122	80	90	119	100	-102	-59	65	122	-77	39	
5608	50	122	80	90	119	100	-102	-59	66	122	-78	39	50	122	80	90	119	100	-102	-59	66	122	-78	39	
5658	50	122	80	90	119	100	-102	-59	66	122	-77	39	50	122	80	90	119	100	-102	-59	66	122	-77	39	
5708	50	122	80	90	119	100	-102	-59	65	122	-77	39	50	122	80	90	119	100	-102	-59	65	122	-77	39	
5758	50	122	80	90	119	100	-102	-59	66	122	-77	39	50	122	80	90	119	100	-102	-59	66	122	-77	39	
5810	49	122	80	90	119	100	-102	-59	65	122	-77	39	49	122	80	90	119	100	-102	-59	65	122	-77	39	
5864	50	122	80	90	119	100	-102	-59	65	122	-77	39	50	122	80	90	119	100	-102	-59	65	122	-77	39	
5921	50	122	80	90	118	100	-103	-59	66	122	-77	39	50	122	80	90	118	100	-103	-59	66	122	-77	39	
5971	49	122	80	90	119	100	-102	-59	66	122	-78	39	49	122	80	90	119	100	-102	-59	66	122	-78	39	
6021	50	122	80	90	119	100	-102	-19	66	122	-78	39	50	122	80	90	119	100	-102	-19	66	122	-78	39	
6071	50	122	80	90	119	100	-102	44	65	122	-77	39	50	122	80	90	119	100	-102	44	65	122	-77	39	
6121	50	122	80	90	119	100	-103	110	66	122	-77	39	50	122	80	90	119	100	-103	110	66	122	-77	39	
6171	49	122	80	90	119	100	-102	-103	66	122	-77	39	49	122	80	90	119	100	-102	-103	66	122	-77	39	
6221	49	122	80	90	119	100	-102	-93	66	122	-78	39	49	122	80	90	119	100	-102	-93	66	122	-78	39	
6271	50	122	80	90	118	100	-102	-94	66	122	-77	39	50	122	80	90	118	100	-102	-94	66	122	-77	39	
6321	50	122	80	90	119	101	-102	-93	66	122	-77	39	50	122	80	90	119	101	-102	-93	66	122	-77	39	
6371	50	122	80	90	119	100	-102	-93	65	122	-77	39	50	122	80	90	119	100	-102	-93	65	122	-77	39	
6421	50	122	80	90	119	101	-102	-93	66	122	-77	39	50	122	80	90	119	101	-102	-93	66	122	-77	39	
6471	49	122	80	90	118	100	-102	-94	66	122	-77	39	49	122	80	90	118	100	-102	-94	66	122	-77	39	
6521	50	122	80	90	119	100	-102	-93	66	122	-77	39	50	122	80	90	119	100	-102	-93	66	122	-77	39	
6571	50	122	80	90	119	100	-103	-93	65	122	-77	39	50	122	80	90	119	100	-103	-93	65	122	-77	39	
6621	50	122	80	90	119	100	-102	-93	66	122	-77	39	50	122	80	90	119	100	-102	-93	66	122	-77	39	
6671	50	122	80	90	119	100	-102	-93	66	122	-77	39	50	122	80	90	119	100	-102	-93	66	122	-77	39	
6721	50	122	80	91	119	100	-103	-93	66	122	-78	39	50	122	80	91	119	100	-103	-93	66	122	-78	39	
6771	49	122	80	90	119	100	-102	-93	65	122	-77	39	49	122	80	90	119	100	-102	-93	65	122	-77	39	
6821	50	122	80	90	119	100	-102	-93	66	122	-77	39	50	122	80	90	119	100	-102	-93	66	122	-77	39	
6871	50	122	80	90	119	101	-102	-93	66	122	-77	39	50	122	80	90	119	101	-102	-93	66	122	-77	39	
6922	50	122	80	90	119	100	-102	-93	65	122	-77	39	50	122	80	90	119	100	-102	-93	65	122	-77	39	
6973	50	122	80	90	119	100	-102	-93	66	122	-77	39	50	122	80	90	119	100	-102	-93	66	122	-77	39	
7023	50	122	80	90	119	100	-102	-93	66	122	-77	39	50	122	80	90	119	100	-102	-93	66	122	-77	39	
7073	50	122	80	90	119	100	-102	-93	66	122	-77	39	50	122	80	90	119	100	-102	-93	66	122	-77	39	
7123	50	122	80	90	119	101	-102	-93	66	122	-77	39	50	122	80	90	119	101	-102	-93	66	122	-77	39	
7173	50	122	80	90	119	100	-102	-93	66	122	-77	39	50	122	80	90	119	100	-102	-93	66	122	-77	39	
7223	50	122	80	90	119	100	-102	-93	66	122	-77	39	50	122	80	90	119	100	-102	-93	66	122	-77	39	
7273	49	122	80	90	119	100	-102	-94	66	122	-77	39	49	122	80	90	119	100	-102	-94	66	122	-77	39	
7323	50	122	80	90	119	100	-102	-93	66	122	-77	39	50	122	80	90	119	100	-102	-93	66	122	-77	39	
7373	50	122	80	90	118	100	-102	-93	66	122	-78	39	50	122	80	90	118	100	-102	-93	66	122	-78	39	
7423	50	122	80	90	119	100	-102	-93	65	122	-77	39	50	122	80	90	119	100	-102	-93	65	122	-77	39	
7473	50	122	80	90	119	100	-102	-93	66	122	-77	39	50	122	80	90	119	100	-102	-93	66	122	-77	39	
7523	50	122	80	90	119	100	-102	-93	66	122	-77	39	50	122	80	90	119	100	-102	-93	66	122	-77	39	
7587	50	122	80	90	119	100	-102	-94	66	122	-78	39	50	122	80	90	119	100	-102	-94	66	122	-78	39	
7641	50	122	80	90	119	100	-102	-93	65	122	-77	39	50	122	80	90	119	100	-102	-93	65	122	-77	39	
7691	50	122	80	90	119	101	-103	-93	66	122	-77	39	50	122	80	90	119	101	-103	-93	66	122	-77	39	
7741	50	122	80	90	119	100	-102	-93	66	122	-77	39	50	122	80	90	119	100	-102	-93	66	122	-77	39	
7791	50	122	80	90	119	100	-102	-94	65	122	-77	39	50	122	80	90	119	100	-102	-94	65	122	-77	39	
7841	50	122	80	90	119	100	-103	-93	66	122	-77	39	50	122	80	90	119	100	-103	-93	66	122	-77	39	
7891	50	122	80	90	119	100	-102	-93	66	122	-77	39	50	122	80	90	119	100	-102	-93	66	122	-77	39	
7941	50	122	80	90	119	100	-102	-93	65	122	-77	39	50	122	80	90	119	100	-102	-93	65	122	-77	39	
7991	50	122	80	90	119	100	-102	-93	66	122	-78	39	50	122	80	90	119	100	-102	-93	66	122	-78	39	
8041	50	122	80	90	119	100	-102	-93	66	122	-78	39	50	122	80	90	119	100	-102	-93	66	122	-78	39	
8091	50	122	80	90	119	100	-102	-93	66	122	-78	39	50	122	80	90	119	100	-102	-93	66	122	-78	39	
8141	50	122	80	90	119	100	-102	-93	65	122	-77	39	50	122	80	90	119	100	-102	-93	65	122	-77	39	
8191	50	122	80	90	119	100	-102	-93	65	122	-78	39	50	122	80	90	119	100	-102	-93	65	122	-78	39	
8241	50	122	80	90	119	100	-102	-93	66	122	-77	39	50	122	80	90	119	100	-102	-93	66	122	-77	39	
8291	50	122	80	90	119	100	-102	-93	66	122	-77	39	50	122	80	90	119	100	-102	-93	66	122	-77	39	
8341	50	122	80	90	119	100	-102	-93	65	122	-77	39	50	122	80	90	119	100	-102	-93	65	122	-77	39	
8395	50	122	80	90	118	100	-102	-93	66	122	-77	39	50	122	80	90	118	100	-102	-93	66	122	-77	39	
8446	50	122	80	90	119	100	-102	-93	66	122	-78	39	50	122	80	90	119	100	-102	-93	66	122	-78	39	
8511	50	122	80	90	119	100	-102	-93	66	122	-78	39	50	122	80	90	119	100	-102	-93	66	122	-78	39	
8561	50	122	80	90	119	100	-102	-93	65	122	-77	39	50	122	80	90	119	100	-102	-93	65	122	-77	39	
8611	50	122	80	90	119	100	-102	-93	66	122	-77	39	50	122	80	90	119	100	-102	-93	66	122	-77	39	
8661	50	122	80	90	119	100	-102	-93	66	122	-77	39	50	122	80	90	119	100	-102	-93	66	122	-77	39	
8713	50	122	80	90	119	100	-102	-93	65	122	-77	39	50	122	80	90	119	100	-102	-93	65	122	-77	39	
8763	50	122	80	90	119	100	-102	-93	65	122	-77	39	50	122	80	90	119	100	-102	-93	65	122	-77	39	
8813	50	122	80	90	119	100	-102	-93	66	122	-77	39	50	122	80	90	119	100	-102	-93	66	122	-77	39	
8863	50	122	80	90	119	100	-102	-93	65	122	-77	39	50	122	80	90	119	100	-102	-93	65	122	-77	39	
8913	50	122	80	90	119	100	-102	-93	66	122	-77	39	50	122	80	90	119	100	-102	-93	66	122	-77	39	
8964	50	122	80	90	119	100	-102	-93	66	122	-77	39	50	122	80	90	119	100	-102	-93	66	122	-77	39	
9018	50	122	80	90	119	100	-102	-93	66	122	-77	39	50	122	80	90	119	100	-102	-93	66	122	-77	39	
9068	50	122	80	90	119	100	-102	-93	66	122	-77	39	50	122	80	90	119	100	-102	-93	66	122	-77	39	
9118	50	122	80	90	119	100	-102	-93	66	122	-77	39	50	122	80	90	119	100	-102	-93	66	122	-77	39	
9168	50	122	80	90	119	100	-102	-93	65	122	-77	39	50	122	80	90	119	100	-102	-93	65	122	-77	39	
9218	50	122	80	90	119	100	-103	-93	65	122	-77	39	50	122	80	90	119	100	-103	-93	65	122	-77	39	
9268	49	122	80	90	119	100	-102	-93	65	122	-77	39	49	122	80	90	119	100	-102	-93	65	122	-77	39	
9318	50	122	80	90	119	100	-102	-93	66	122	-77	39	50	122	80	90	119	100	-102	-93	66	122	-77	39	
9368	50	122	80	90	119	100	-102	-93	66	122	-77	39	50	122	80	90	119	100	-102	-93	66	122	-77	39	
9418	50	122	80	90	118	100	-102	-93	66	122	-77	39	50	122	80	90	118	100	-102	-93	66	122	-77	39	
9468	49	122	80	90	119	100	-103	-93	66	122	-77	39	49	122	80	90	119	100	-103	-93	66	122	-77	39	
9518	50	122	80	90	119	100	-102	-93	65	122	-77	39	50	122	80	90	119	100	-102	-93	65	122	-77	39	
9568	50	122	80	90	119	100	-102	-93	65	122	-77	39	50	122	80	90	119	100	-102	-93	65	122	-77	39	
9618	50	122	80	90	119	100	-102	-93	66	122	-77	39	50	122	80	90	119	100	-102	-93	66	122	-77	39	
9668	50	122	80	90	119	100	-102	-93	66	122	-77	39	50	122	80	90	119	100	-102	-93	66	122	-77	39	
9718	50	122	80	90	119	101	-102	-93	65	122	-77	39	50	122	80	90	119	101	-102	-93	65	122	-77	39	
9768	50	122	80	90	119	100	-102	-94	66	122	-78	39	50	122	80	90	119	100	-102	-94	66	122	-78	39	
9818	50	122	80	90	119	101	-102	-94	66	122	-77	39	50	122	80	90	119	101	-102	-94	66	122	-77	39	
9868	50	122	80	90	119	100	-102	-93	65	122	-77	39	50	122	80	90	119	100	-102	-93	65	122	-77	39	
9918	50	122	80	90	119	100	-102	-93	65	122	-77	39	50	122	80	90	119	100	-102	-93	65	122	-77	39	
9968	50	122	80	90	119	100	-102	-93	65	122	-77	39	50	122	80	90	119	100	-102	-93	65	122	-77	39	
10018	50	122	80	90	119	100	-102	-93	66	122	-77	39	50	122	80	90	119	100	-102	-93	66	122	-77	39	
10079	50	122	80	90	119	100	-102	-93	66	122	-77	39	50	122	80	90	119	100	-102	-93	66	122	-77	39	
10129	50	122	80	90	119	100	-102	-93	65	122	-77	39	50	122	80	90	119	100	-102	-93	65	122	-77	39	
10182	50	122	80	90	119	100	-102	-93	65	122	-77	39	50	122	80	90	119	100	-102	-93	65	122	-77	39	
10232	50	122	80	90	119	100	-102	-55	65	122	-77	39	50	122	80	90	119	100	-102	-55	65	122	-77	39	
10282	50	122	80	90	119	100	-102	-16	65	122	-77	39	50	122	80	90	119	100	-102	-16	65	122	-77	39	
10332	50	122	80	90	119	100	-102	60	65	122	-77	39	50	122	80	90	119	100	-102	60	65	122	-77	39	
10385	50	122	80	90	119	100	-102	108	66	122	-77	39	50	122	80	90	119	100	-102	108	66	122	-77	39	
10438	50	122	80	90	119	101	-102	125	65	122	-77	39	50	122	80	90	119	101	-102	125	65	122	-77	39	
10488	50	122	80	90	119	100	-102	126	65	122	-77	39	50	122	80	90	119	100	-102	126	65	122	-77	39	
10538	50	122	80	90	119	100	-102	126	65	122	-77	39	50	122	80	90	119	100	-102	126	65	122	-77	39	
10588	50	122	80	90	119	100	-102	126	66	122	-77	39	50	122	80	90	119	100	-102	126	66	122	-77	39	
10638	50	122	80	90	119	100	-102	126	66	122	-77	39	50	122	80	90	119	100	-102	126	66	122	-77	39	
10688	50	122	80	90	118	100	-102	126	65	122	-77	39	50	122	80	90	118	100	-102	126	65	122	-77	39	
10738	50	122	80	90	119	101	-103	125	65	122	-77	39	50	122	80	90	119	101	-103	125	65	122	-77	39	
10788	50	122	80	90	119	100	-102	126	66	122	-77	39	50	122	80	90	119	100	-102	126	66	122	-77	39	
10838	50	122	80	90	119	100	-102	126	66	122	-77	39	50	122	80	90	119	100	-102	126	66	122	-77	39	
10888	50	122	80	90	119	100	-102	126	65	122	-77	39	50	122	80	90	119	100	-102	126	65	122	-77	39	
10939	50	122	80	90	119	100	-102	126	66	122	-77	39	50	122	80	90	119	100	-102	126	66	122	-77	39	
10992	50	122	80	90	119	100	-102	126	65	122	-77	39	50	122	80	90	119	100	-102	126	65	122	-77	39	
11042	50	122	80	90	119	100	-102	126	65	122	-78	39	50	122	80	90	119	100	-102	126	65	122	-78	39	
11092	50	122	80	90	119	101	-102	126	66	122	-77	39	50	122	80	90	119	101	-102	126	66	122	-77	39	
11142	49	122	80	90	119	100	-102	126	65	122	-77	39	49	122	80	90	119	100	-102	126	65	122	-77	39	
11192	50	122	80	90	119	100	-102	126	65	122	-77	39	50	122	80	90	119	100	-102	126	65	122	-77	39	
11242	50	122	80	90	119	100	-102	126	65	122	-77	39	50	122	80	90	119	100	-102	126	65	122	-77	39	
11295	50	122	80	90	119	101	-102	126	66	122	-77	39	50	122	80	90	119	101	-102	126	66	122	-77	39	
11345	50	122	80	90	119	100	-102	126	66	122	-77	39	50	122	80	90	119	100	-102	126	66	122	-77	39	
11398	50	122	80	90	119	100	-102	126	66	122	-77	39	50	122	80	90	119	100	-102	126	66	122	-77	39	
11455	50	122	80	90	119	100	-102	126	66	122	-77	39	50	122	80	90	119	100	-102	126	66	122	-77	39	
11505	50	122	80	90	119	100	-102	126	66	122	-77	39	50	122	80	90	119	100	-102	126	66	122	-77	39	
11555	50	122	80	90	119	100	-102	126	66	122	-78	39	50	122	80	90	119	100	-102	126	66	122	-78	39	
11608	49	122	80	90	119	100	-102	126	66	122	-77	39	49	122	80	90	119	100	-102	126	66	122	-77	39	
11687	50	122	80	90	119	100	-103	126	65	122	-77	39	50	122	80	90	119	100	-103	126	65	122	-77	39	
11737	50	122	80	90	119	100	-102	126	66	122	-77	39	50	122	80	90	119	100	-102	126	66	122	-77	39	
11787	50	122	80	90	119	100	-102	126	65	122	-77	39	50	122	80	90	119	100	-102	126	65	122	-77	39	
11837	49	122	80	90	119	100	-102	125	65	122	-77	39	49	122	80	90	119	100	-102	125	65	122	-77	39	
11887	50	122	80	90	119	100	-102	126	65	122	-77	39	50	122	80	90	119	100	-102	126	65	122	-77	39	
11937	50	122	80	90	119	100	-102	126	66	122	-77	39	50	122	80	90	119	100	-102	126	66	122	-77	39	
11987	50	122	80	90	119	101	-102	126	65	122	-77	39	50	122	80	90	119	101	-102	126	65	122	-77	39	
12037	50	122	80	90	119	100	-102	126	66	122	-77	39	50	122	80	90	119	100	-102	126	66	122	-77	39	
12087	50	122	80	90	119	100	-102	126	66	122	-77	39	50	122	80	90	119	100	-102	126	66	122	-77	39	
12137	50	122	80	90	119	100	-102	126	66	122	-77	39	50	122	80	90	119	100	-102	126	66	122	-77	39	
12187	50	122	80	90	119	101	-102	126	65	122	-77	39	50	122	80	90	119	101	-102	126	65	122	-77	39	
12237	49	122	80	90	119	101	-102	126	66	122	-77	39	49	122	80	90	119	101	-102	126	66	122	-77	39	
12287	49	122	80	90	119	100	-102	126	66	122	-77	39	49	122	80	90	119	100	-102	126	66	122	-77	39	
12337	49	122	80	90	119	100	-102	126	65	122	-77	39	49	122	80	90	119	100	-102	126	65	122	-77	39	
12387	49	122	80	90	119	100	-102	126	66	122	-77	39	49	122	80	90	119	100	-102	126	66	122	-77	39	
12442	50	122	80	90	119	101	-103	126	66	122	-77	39	50	122	80	90	119	101	-103	126	66	122	-77	39	
12492	50	122	80	90	119	100	-102	126	65	122	-77	39	50	122	80	90	119	100	-102	126	65	122	-77	39	
12542	50	122	80	90	119	100	-102	126	66	122	-77	39	50	122	80	90	119	100	-102	126	66	122	-77	39	
12592	50	122	80	90	119	100	-102	126	65	122	-77	39	50	122	80	90	119	100	-102	126	65	122	-77	39	
12642	50	122	80	90	119	101	-102	125	65	122	-77	39	50	122	80	90	119	101	-102	125	65	122	-77	39	
12692	50	122	80	90	119	100	-102	126	65	122	-77	39	50	122	80	90	119	100	-102	126	65	122	-77	39	
12742	50	122	80	90	119	100	-102	125	66	122	-77	39	50	122	80	90	119	100	-102	125	66	122	-77	39	
12792	50	122	80	90	119	100	-102	126	65	122	-77	39	50	122	80	90	119	100	-102	126	65	122	-77	39	
12859	50	122	80	90	119	100	-102	126	66	122	-77	39	50	122	80	90	119	100	-102	126	66	122	-77	39	
12913	50	122	80	90	119	100	-102	126	66	122	-77	39	50	122	80	90	119	100	-102	126	66	122	-77	39	
12963	50	122	80	90	119	100	-102	126	66	122	-77	39	50	122	80	90	119	100	-102	126	66	122	-77	39	
13014	50	122	80	90	119	101	-102	126	66	122	-77	39	50	122	80	90	119	101	-102	126	66	122	-77	39	
13064	50	122	80	90	119	100	-102	126	66	122	-78	39	50	122	80	90	119	100	-102	126	66	122	-78	39	
13114	49	122	80	90	119	100	-102	126	66	122	-77	39	49	122	80	90	119	100	-102	126	66	122	-77	39	
13164	50	122	80	90	119	100	-102	126	65	122	-77	39	50	122	80	90	119	100	-102	126	65	122	-77	39	
13214	50	122	80	90	119	100	-102	126	66	122	-77	39	50	122	80	90	119	100	-102	126	66	122	-77	39	
13270	50	122	80	90	119	100	-102	126	65	122	-77	39	50	122	80	90	119	100	-102	126	65	122	-77	39	
13325	50	122	80	90	119	100	-102	126	66	122	-77	39	50	122	80	90	119	100	-102	126	66	122	-77	39	
13375	50	122	80	90	119	100	-102	126	65	122	-77	39	50	122	80	90	119	100	-102	126	65	122	-77	39	
13426	50	122	80	90	119	100	-102	126	65	122	-77	39	50	122	80	90	119	100	-102	126	65	122	-77	39	
13476	50	122	80	90	119	100	-102	126	65	122	-77	39	50	122	80	90	119	100	-102	126	65	122	-77	39	
13526	50	122	80	90	119	100	-102	126	65	122	-77	39	50	122	80	90	119	100	-102	126	65	122	-77	39	
13576	50	122	80	90	119	100	-102	126	65	122	-77	39	50	122	80	90	119	100	-102	126	65	122	-77	39	
13626	50	122	80	90	119	100	-102	126	65	122	-77	39	50	122	80	90	119	100	-102	126	65	122	-77	39	
13676	50	122	80	90	119	100	-102	126	66	122	-77	39	50	122	80	90	119	100	-102	126	66	122	-77	39	
13726	50	122	80	90	119	101	-102	126	66	122	-77	39	50	122	80	90	119	101	-102	126	66	122	-77	39	
13776	50	122	80	90	119	100	-102	126	65	122	-77	39	50	122	80	90	119	100	-102	126	65	122	-77	39	
13826	50	122	80	90	119	100	-102	126	66	122	-77	39	50	122	80	90	119	100	-102	126	66	122	-77	39	
13876	50	122	80	90	119	100	-102	126	65	122	-77	39	50	122	80	90	119	100	-102	126	65	122	-77	39	
13926	50	122	80	90	119	100	-103	126	66	122	-77	39	50	122	80	90	119	100	-103	126	66	122	-77	39	
13976	50	122	80	91	119	100	-102	126	65	122	-77	39	50	122	80	91	119	100	-102	126	65	122	-77	39	
14026	50	122	80	90	119	100	-102	125	66	122	-77	39	50	122	80	90	119	100	-102	125	66	122	-77	39	
14079	50	122	80	90	119	100	-102	125	66	122	-77	39	50	122	80	90	119	100	-102	125	66	122	-77	39	
14133	49	122	80	90	119	100	-102	125	66	122	-77	39	49	122	80	90	119	100	-102	125	66	122	-77	39	
14185	50	122	80	90	119	100	-102	126	65	122	-77	39	50	122	80	90	119	100	-102	126	65	122	-77	39	
14235	50	122	80	90	118	100	-102	126	65	122	-77	39	50	122	80	90	118	100	-102	126	65	122	-77	39	
14285	49	122	80	90	119	100	-102	126	66	122	-77	39	49	122	80	90	119	100	-102	126	66	122	-77	39	
14335	50	122	80	90	119	100	-102	126	66	122	-78	39	50	122	80	90	119	100	-102	126	66	122	-78	39	
14385	50	122	80	90	119	100	-102	125	65	122	-77	39	50	122	80	90	119	100	-102	125	65	122	-77	39	
14435	50	122	80	90	119	100	-102	126	66	122	-78	39	50	122	80	90	119	100	-102	126	66	122	-78	39	
14485	50	122	80	90	119	100	-102	126	66	122	-77	39	50	122	80	90	119	100	-102	126	66	122	-77	39	
14535	50	122	80	90	119	100	-102	126	65	122	-77	39	50	122	80	90	119	100	-102	126	65	122	-77	39	
14585	50	122	80	90	119	100	-102	126	66	122	-77	39	50	122	80	90	119	100	-102	126	66	122	-77	39	
14635	50	122	80	90	119	100	-102	126	66	122	-77	39	50	122	80	90	119	100	-102	126	66	122	-77	39	
14685	50	122	80	90	119	100	-102	126	66	122	-77	39	50	122	80	90	119	100	-102	126	66	122	-77	39	
14735	50	122	80	90	119	100	-102	125	66	122	-77	39	50	122	80	90	119	100	-102	125	66	122	-77	39	
14785	50	122	80	90	119	101	-102	126	66	122	-77	39	50	122	80	90	119	101	-102	126	66	122	-77	39	
14835	50	122	80	90	119	100	-102	126	65	122	-77	39	50	122	80	90	119	100	-102	126	65	122	-77	39	
14888	50	122	80	90	119	100	-102	126	66	122	-77	39	50	122	80	90	119	100	-102	126	66	122	-77	39	
14938	50	122	80	90	119	100	-102	125	65	122	-77	39	50	122	80	90	119	100	-102	125	65	122	-77	39	
14988	50	122	80	90	119	100	-102	126	66	122	-77	39	50	122	80	90	119	100	-102	126	66	122	-77	39	
15038	49	122	80	90	119	100	-102	126	65	122	-77	39	49	122	80	90	119	100	-102	126	65	122	-77	39	
15088	50	122	80	90	119	100	-102	126	66	122	-77	39	50	122	80	90	119	100	-102	126	66	122	-77	39	
15141	50	122	80	90	119	101	-102	126	65	122	-77	39	50	122	80	90	119	101	-102	126	65	122	-77	39	
15194	50	122	80	90	119	100	-102	126	66	122	-77	39	50	122	80	90	119	100	-102	126	66	122	-77	39	
15244	50	122	80	90	119	100	-102	125	66	122	-77	39	50	122	80	90	119	100	-102	125	66	122	-77	39	
15294	50	122	80	90	119	100	-102	126	65	122	-78	39	50	122	80	90	119	100	-102	126	65	122	-78	39	
15344	50	122	80	90	119	100	-102	125	66	122	-77	39	50	122	80	90	119	100	-102	125	66	122	-77	39	
15394	50	122	80	90	119	100	-102	126	66	122	-77	39	50	122	80	90	119	100	-102	126	66	122	-77	39	
15444	50	122	80	90	119	100	-103	125	66	122	-77	39	50	122	80	90	119	100	-103	125	66	122	-77	39	
15497	49	122	80	90	119	100	-102	126	66	122	-77	39	49	122	80	90	119	100	-102	126	66	122	-77	39	
15547	50	122	80	90	119	100	-102	126	66	122	-77	39	50	122	80	90	119	100	-102	126	66	122	-77	39	
15597	50	122	80	90	119	100	-102	126	66	122	-77	39	50	122	80	90	119	100	-102	126	66	122	-77	39	
15647	49	122	80	90	119	100	-102	126	66	122	-77	39	49	122	80	90	119	100	-102	126	66	122	-77	39	
15697	50	122	80	90	119	100	-102	126	66	122	-77	39	50	122	80	90	119	100	-102	126	66	122	-77	39	
15747	50	122	80	90	119	100	-102	126	66	122	-77	39	50	122	80	90	119	100	-102	126	66	122	-77	39	
15797	50	122	80	90	119	100	-102	126	65	122	-77	39	50	122	80	90	119	100	-102	126	65	122	-77	39	
15847	50	122	80	90	118	100	-102	126	66	122	-78	39	50	122	80	90	118	100	-102	126	66	122	-78	39	
15901	50	122	80	90	119	100	-102	126	66	122	-77	39	50	122	80	90	119	100	-102	126	66	122	-77	39	
15954	50	122	80	90	119	100	-102	126	66	122	-77	39	50	122	80	90	119	100	-102	126	66	122	-77	39	
16004	50	122	80	90	119	100	-102	126	66	122	-77	39	50	122	80	90	119	100	-102	126	66	122	-77	39	
16054	50	122	80	90	119	100	-102	126	66	122	-77	39	50	122	80	90	119	100	-102	126	66	122	-77	39	
16104	49	122	80	90	119	101	-102	-127	66	122	-77	39	49	122	80	90	119	101	-102	-127	66	122	-77	39	
16154	50	122	80	90	119	101	-102	-125	66	122	-77	39	50	122	80	90	119	101	-102	-125	66	122	-77	39	
16204	50	122	80	90	119	100	-102	-125	65	122	-77	39	50	122	80	90	119	100	-102	-125	65	122	-77	39	
16254	49	122	80	90	119	100	-102	-124	66	122	-77	39	49	122	80	90	119	100	-102	-124	66	122	-77	39	
16304	50	122	80	90	119	100	-102	-124	65	122	-77	39	50	122	80	90	119	100	-102	-124	65	122	-77	39	
16354	50	122	80	90	119	100	-102	-124	65	122	-77	39	50	122	80	90	119	100	-102	-124	65	122	-77	39	
16404	50	122	80	90	119	100	-102	-124	65	122	-77	39	50	122	80	90	119	100	-102	-124	65	122	-77	39	
16454	50	122	80	90	119	100	-102	-124	65	122	-77	39	50	122	80	90	119	100	-102	-124	65	122	-77	39	
16504	50	122	80	90	119	100	-102	-124	65	122	-77	39	50	122	80	90	119	100	-102	-124	65	122	-77	39	
16554	50	122	80	90	119	100	-102	-123	65	122	-77	39	50	122	80	90	119	100	-102	-123	65	122	-77	39	
16604	50	122	80	90	119	101	-102	-122	65	122	-77	39	50	122	80	90	119	101	-102	-122	65	122	-77	39	
16654	50	122	80	90	119	100	-102	-122	65	122	-77	39	50	122	80	90	119	100	-102	-122	65	122	-77	39	
16704	50	122	80	90	119	100	-102	-121	65	122	-77	39	50	122	80	90	119	100	-102	-121	65	122	-77	39	
16754	50	122	80	90	119	100	-102	-120	65	122	-77	39	50	122	80	90	119	100	-102	-120	65	122	-77	39	
16804	50	122	80	90	119	100	-102	-118	65	122	-77	39	50	122	80	90	119	100	-102	-118	65	122	-77	39	
16854	50	122	80	90	119	100	-102	-118	65	122	-77	39	50	122	80	90	119	100	-102	-118	65	122	-77	39	
16904	49	122	80	90	119	100	-102	-117	65	122	-77	39	49	122	80	90	119	100	-102	-117	65	122	-77	39	
16954	50	122	80	90	119	100	-102	-116	65	122	-77	39	50	122	80	90	119	100	-102	-116	65	122	-77	39	
17004	49	122	80	90	119	100	-102	-116	65	122	-77	39	49	122	80	90	119	100	-102	-116	65	122	-77	39	
17054	50	122	80	90	119	100	-102	-116	66	122	-77	39	50	122	80	90	119	100	-102	-116	66	122	-77	39	
17104	49	122	80	90	119	100	-102	-115	65	122	-77	39	49	122	80	90	119	100	-102	-115	65	122	-77	39	
17155	50	122	80	90	119	100	-102	-112	65	122	-77	39	50	122	80	90	119	100	-102	-112	65	122	-77	39	
17208	49	122	80	90	119	100	-102	-112	66	122	-78	39	49	122	80	90	119	100	-102	-112	66	122	-78	39	
17262	50	122	80	90	119	100	-102	-112	66	122	-77	39	50	122	80	90	119	100	-102	-112	66	122	-77	39	
17316	50	122	80	90	119	100	-102	-112	65	122	-78	39	50	122	80	90	119	100	-102	-112	65	122	-78	39	
17366	50	122	80	90	119	100	-102	-111	66	122	-77	39	50	122	80	90	119	100	-102	-111	66	122	-77	39	
17416	50	122	80	90	119	100	-102	-111	65	122	-78	39	50	122	80	90	119	100	-102	-111	65	122	-78	39	
17466	50	122	80	90	119	100	-102	-111	66	122	-77	39	50	122	80	90	119	100	-102	-111	66	122	-77	39	
17516	50	122	80	90	119	101	-102	-111	65	122	-77	39	50	122	80	90	119	101	-102	-111	65	122	-77	39	
17566	50	122	80	90	119	100	-102	-110	65	122	-77	39	50	122	80	90	119	100	-102	-110	65	122	-77	39	
17616	50	122	80	90	119	100	-103	-111	66	122	-77	39	50	122	80	90	119	100	-103	-111	66	122	-77	39	
17666	50	122	80	90	119	100	-102	-110	66	122	-77	39	50	122	80	90	119	100	-102	-110	66	122	-77	39	
17716	50	122	80	90	119	100	-102	-110	65	122	-77	39	50	122	80	90	119	100	-102	-110	65	122	-77	39	
17766	50	122	80	90	119	100	-102	-111	65	122	-77	39	50	122	80	90	119	100	-102	-111	65	122	-77	39	
17816	50	122	80	90	119	101	-102	-110	66	122	-77	39	50	122	80	90	119	101	-102	-110	66	122	-77	39	
17866	50	122	80	90	119	100	-102	-110	66	122	-77	39	50	122	80	90	119	100	-102	-110	66	122	-77	39	
17916	50	122	80	90	118	100	-102	-110	66	122	-77	39	50	122	80	90	118	100	-102	-110	66	122	-77	39	
17966	50	122	80	90	119	101	-102	-110	66	122	-77	39	50	122	80	90	119	101	-102	-110	66	122	-77	39	
18016	50	122	80	90	119	100	-102	-110	66	122	-77	39	50	122	80	90	119	100	-102	-110	66	122	-77	39	
18066	50	122	80	90	119	100	-102	-110	65	122	-77	39	50	122	80	90	119	100	-102	-110	65	122	-77	39	
18119	50	122	80	90	119	101	-102	-110	65	122	-77	39	50	122	80	90	119	101	-102	-110	65	122	-77	39	
18172	50	122	80	91	118	100	-102	-110	66	122	-78	39	50	122	80	91	118	100	-102	-110	66	122	-78	39	
18224	50	122	80	90	119	100	-102	-110	66	122	-77	39	50	122	80	90	119	100	-102	-110	66	122	-77	39	
18277	50	122	80	90	119	100	-102	-110	65	122	-77	39	50	122	80	90	119	100	-102	-110	65	122	-77	39	
18334	50	122	80	90	118	100	-102	-110	66	122	-77	39	50	122	80	90	118	100	-102	-110	66	122	-77	39	
18388	50	122	80	90	118	100	-103	-110	66	122	-77	39	50	122	80	90	118	100	-103	-110	66	122	-77	39	
18442	50	122	80	90	119	101	-102	-110	66	122	-77	39	50	122	80	90	119	101	-102	-110	66	122	-77	39	
18492	50	122	80	90	118	100	-102	-109	66	122	-77	39	50	122	80	90	118	100	-102	-109	66	122	-77	39	
18542	50	122	80	90	119	100	-102	-110	65	122	-77	39	50	122	80	90	119	100	-102	-110	65	122	-77	39	
18592	50	122	80	90	119	101	-102	-110	65	122	-77	39	50	122	80	90	119	101	-102	-110	65	122	-77	39	
18642	50	122	80	90	119	100	-102	-110	66	122	-77	39	50	122	80	90	119	100	-102	-110	66	122	-77	39	
18692	50	122	80	90	119	101	-102	-110	65	122	-77	39	50	122	80	90	119	101	-102	-110	65	122	-77	39	
18742	50	122	80	90	119	100	-102	-110	66	122	-77	39	50	122	80	90	119	100	-102	-110	66	122	-77	39	
18792	50	122	80	90	119	100	-102	-109	65	122	-77	39	50	122	80	90	119	100	-102	-109	65	122	-77	39	
18842	50	122	80	90	119	100	-102	-110	65	122	-77	39	50	122	80	90	119	100	-102	-110	65	122	-77	39	
18892	50	122	80	90	119	100	-102	-110	66	122	-77	39	50	122	80	90	119	100	-102	-110	66	122	-77	39	
18942	50	122	80	90	119	100	-102	-109	65	122	-77	39	50	122	80	90	119	100	-102	-109	65	122	-77	39	
18992	50	122	80	90	119	100	-102	-110	66	122	-77	39	50	122	80	90	119	100	-102	-110	66	122	-77	39	
19042	50	122	80	90	119	100	-102	-109	66	122	-77	39	50	122	80	90	119	100	-102	-109	66	122	-77	39	
19092	50	122	80	90	119	100	-102	-109	65	122	-77	39	50	122	80	90	119	100	-102	-109	65	122	-77	39	
19142	50	122	80	90	119	100	-102	-109	66	122	-77	39	50	122	80	90	119	100	-102	-109	66	122	-77	39	
19192	50	122	80	90	119	100	-103	-109	65	122	-78	39	50	122	80	90	119	100	-103	-109	65	122	-78	39	
19242	50	122	80	90	119	100	-102	-109	65	122	-77	39	50	122	80	90	119	100	-102	-109	65	122	-77	39	
19292	50	122	80	90	118	100	-102	-109	65	122	-77	39	50	122	80	90	118	100	-102	-109	65	122	-77	39	
19349	50	122	80	90	119	100	-102	-108	66	122	-77	39	50	122	80	90	119	100	-102	-108	66	122	-77	39	
19402	50	122	80	90	119	100	-103	-108	65	122	-77	39	50	122	80	90	119	100	-103	-108	65	122	-77	39	
19452	50	122	80	90	119	100	-102	-109	66	122	-77	39	50	122	80	90	119	100	-102	-109	66	122	-77	39	
19502	50	122	80	91	119	100	-102	-109	66	122	-77	39	50	122	80	91	119	100	-102	-109	66	122	-77	39	
19552	50	122	80	90	119	100	-102	-108	66	122	-77	39	50	122	80	90	119	100	-102	-108	66	122	-77	39	
19602	49	122	80	90	119	100	-103	-107	66	122	-77	39	49	122	80	90	119	100	-103	-107	66	122	-77	39	
19652	50	122	80	90	119	100	-103	-103	65	122	-77	39	50	122	80	90	119	100	-103	-103	65	122	-77	39	
19702	49	122	80	90	119	100	-102	-100	66	122	-77	39	49	122	80	90	119	100	-102	-100	66	122	-77	39	
19752	50	122	80	90	119	100	-102	-99	66	122	-77	39	50	122	80	90	119	100	-102	-99	66	122	-77	39	
19802	50	122	80	90	119	100	-102	-98	65	122	-77	39	50	122	80	90	119	100	-102	-98	65	122	-77	39	
19852	50	122	80	90	119	100	-103	-98	66	122	-77	39	50	122	80	90	119	100	-103	-98	66	122	-77	39	
19902	50	122	80	90	119	100	-102	-98	66	122	-77	39	50	122	80	90	119	100	-102	-98	66	122	-77	39	
19952	50	122	80	90	119	100	-102	-98	66	122	-77	39	50	122	80	90	119	100	-102	-98	66	122	-77	39	
20002	50	122	80	90	119	100	-102	-97	66	122	-77	39	50	122	80	90	119	100	-102	-97	66	122	-77	39	
20052	49	122	80	90	119	100	-102	-98	65	122	-77	39	49	122	80	90	119	100	-102	-98	65	122	-77	39	
20102	50	122	80	90	119	101	-102	-97	66	122	-77	39	50	122	80	90	119	101	-102	-97	66	122	-77	39	
20152	49	122	80	90	119	100	-102	-95	65	122	-77	39	49	122	80	90	119	100	-102	-95	65	122	-77	39	
20202	50	122	80	90	119	101	-102	-95	65	122	-77	39	50	122	80	90	119	101	-102	-95	65	122	-77	39	
20252	49	122	80	90	119	101	-103	-94	66	122	-78	39	49	122	80	90	119	101	-103	-94	66	122	-78	39	
20302	50	122	80	90	119	100	-102	-93	65	122	-77	39	50	122	80	90	119	100	-102	-93	65	122	-77	39	
20355	50	122	80	90	119	100	-102	-92	66	122	-77	39	50	122	80	90	119	100	-102	-92	66	122	-77	39	
20405	49	122	80	90	119	100	-102	-92	65	122	-77	39	49	122	80	90	119	100	-102	-92	65	122	-77	39	
20459	50	122	80	90	119	100	-102	-90	65	122	-77	39	50	122	80	90	119	100	-102	-90	65	122	-77	39	
20512	50	122	80	90	119	100	-102	-90	66	122	-77	39	50	122	80	90	119	100	-102	-90	66	122	-77	39	
20563	50	122	80	90	119	100	-102	-90	65	122	-77	39	50	122	80	90	119	100	-102	-90	65	122	-77	39	
20613	50	122	80	90	119	100	-102	-88	66	122	-77	39	50	122	80	90	119	100	-102	-88	66	122	-77	39	
20663	50	122	80	90	119	100	-103	-88	66	122	-77	39	50	122	80	90	119	100	-103	-88	66	122	-77	39	
20713	50	122	80	90	119	100	-102	-87	66	122	-77	39	50	122	80	90	119	100	-102	-87	66	122	-77	39	
20763	50	122	80	90	119	101	-102	-86	66	122	-78	39	50	122	80	90	119	101	-102	-86	66	122	-78	39	
20813	50	122	80	90	119	100	-102	-85	65	122	-77	39	50	122	80	90	119	100	-102	-85	65	122	-77	39	
20863	50	122	80	90	118	100	-102	-85	66	122	-77	39	50	122	80	90	118	100	-102	-85	66	122	-77	39	
20917	50	122	80	90	119	100	-102	-85	66	122	-77	39	50	122	80	90	119	100	-102	-85	66	122	-77	39	
20970	50	122	80	90	119	100	-102	-85	66	122	-77	39	50	122	80	90	119	100	-102	-85	66	122	-77	39	
21023	50	122	80	90	119	100	-102	-85	66	122	-77	39	50	122	80	90	119	100	-102	-85	66	122	-77	39	
21073	50	122	80	90	119	100	-102	-85	66	122	-77	39	50	122	80	90	119	100	-102	-85	66	122	-77	39	
21123	50	122	80	90	119	100	-102	-85	66	122	-77	39	50	122	80	90	119	100	-102	-85	66	122	-77	39	
21173	50	122	80	90	119	100	-102	-84	66	122	-77	39	50	122	80	90	119	100	-102	-84	66	122	-77	39	
21228	50	122	80	90	119	100	-102	-84	66	122	-77	39	50	122	80	90	119	100	-102	-84	66	122	-77	39	
21278	50	122	80	90	119	100	-102	-83	66	122	-77	39	50	122	80	90	119	100	-102	-83	66	122	-77	39	
21328	50	122	80	90	119	100	-102	-83	66	122	-77	39	50	122	80	90	119	100	-102	-83	66	122	-77	39	
21378	50	122	80	91	119	100	-102	-83	66	122	-77	39	50	122	80	91	119	100	-102	-83	66	122	-77	39	
21428	50	122	80	90	119	100	-102	-83	65	122	-77	39	50	122	80	90	119	100	-102	-83	65	122	-77	39	
21478	50	122	80	90	119	100	-102	-83	66	122	-77	39	50	122	80	90	119	100	-102	-83	66	122	-77	39	
21531	50	122	80	91	119	100	-102	-82	66	122	-77	39	50	122	80	91	119	100	-102	-82	66	122	-77	39	
21587	50	122	80	90	119	100	-102	-81	65	122	-77	39	50	122	80	90	119	100	-102	-81	65	122	-77	39	
21638	50	122	80	90	119	100	-102	-81	66	122	-77	39	50	122	80	90	119	100	-102	-81	66	122	-77	39	
21688	49	122	80	90	119	100	-102	-81	66	122	-77	39	49	122	80	90	119	100	-102	-81	66	122	-77	39	
21738	50	122	80	90	119	100	-102	-81	66	122	-77	39	50	122	80	90	119	100	-102	-81	66	122	-77	39	
21788	50	122	80	90	119	100	-102	-80	66	122	-77	39	50	122	80	90	119	100	-102	-80	66	122	-77	39	
21838	50	122	80	90	119	100	-102	-80	66	122	-77	39	50	122	80	90	119	100	-102	-80	66	122	-77	39	
21888	50	122	80	90	119	100	-102	-80	66	122	-77	39	50	122	80	90	119	100	-102	-80	66	122	-77	39	
21938	50	122	80	90	119	100	-102	-79	66	122	-78	39	50	122	80	90	119	100	-102	-79	66	122	-78	39	
21988	50	122	80	90	119	100	-102	-79	65	122	-77	39	50	122	80	90	119	100	-102	-79	65	122	-77	39	
22038	50	122	80	90	119	100	-102	-78	66	122	-77	39	50	122	80	90	119	100	-102	-78	66	122	-77	39	
22088	50	122	80	90	119	100	-102	-78	66	122	-77	39	50	122	80	90	119	100	-102	-78	66	122	-77	39	
22138	50	122	80	90	119	100	-103	-77	66	122	-77	39	50	122	80	90	119	100	-103	-77	66	122	-77	39	
22188	50	122	80	90	119	100	-102	-77	65	122	-77	39	50	122	80	90	119	100	-102	-77	65	122	-77	39	
22238	50	122	80	90	119	100	-102	-77	66	122	-77	39	50	122	80	90	119	100	-102	-77	66	122	-77	39	
22288	50	122	80	90	119	100	-102	-77	66	122	-77	39	50	122	80	90	119	100	-102	-77	66	122	-77	39	
22338	50	122	80	90	119	100	-102	-76	66	122	-78	39	50	122	80	90	119	100	-102	-76	66	122	-78	39	
22388	50	122	80	90	119	100	-102	-75	66	122	-77	39	50	122	80	90	119	100	-102	-75	66	122	-77	39	
22438	50	122	80	90	119	100	-102	-74	66	122	-77	39	50	122	80	90	119	100	-102	-74	66	122	-77	39	
22489	50	122	80	90	119	100	-102	-73	65	122	-77	39	50	122	80	90	119	100	-102	-73	65	122	-77	39	
22542	50	122	80	90	119	100	-102	-73	66	122	-77	39	50	122	80	90	119	100	-102	-73	66	122	-77	39	
22595	50	122	80	90	119	100	-102	-72	66	122	-77	39	50	122	80	90	119	100	-102	-72	66	122	-77	39	
22645	50	122	80	90	119	100	-102	-71	66	122	-77	39	50	122	80	90	119	100	-102	-71	66	122	-77	39	
22695	50	122	80	90	119	100	-102	-67	66	122	-78	39	50	122	80	90	119	100	-102	-67	66	122	-78	39	
22745	50	122	80	90	119	100	-102	-65	66	122	-78	39	50	122	80	90	119	100	-102	-65	66	122	-78	39	
22796	50	122	80	90	119	100	-102	-63	65	122	-77	39	50	122	80	90	119	100	-102	-63	65	122	-77	39	
22849	50	122	80	90	119	100	-102	-63	66	122	-77	39	50	122	80	90	119	100	-102	-63	66	122	-77	39	
22900	50	122	80	90	119	101	-102	-63	65	122	-77	39	50	122	80	90	119	101	-102	-63	65	122	-77	39	
22950	50	122	80	90	119	100	-102	-62	65	122	-77	39	50	122	80	90	119	100	-102	-62	65	122	-77	39	
23000	50	122	80	90	119	100	-102	-61	66	122	-78	39	50	122	80	90	119	100	-102	-61	66	122	-78	39	
23050	50	122	80	90	119	100	-102	-59	66	122	-77	39	50	122	80	90	119	100	-102	-59	66	122	-77	39	
23100	50	122	80	90	119	100	-102	-59	66	122	-77	39	50	122	80	90	119	100	-102	-59	66	122	-77	39	
23150	50	122	80	90	119	100	-102	-59	65	122	-77	39	50	122	80	90	119	100	-102	-59	65	122	-77	39	
23202	50	122	80	90	119	100	-102	-58	66	122	-78	39	50	122	80	90	119	100	-102	-58	66	122	-78	39	
23253	49	122	80	90	119	100	-102	-57	66	122	-78	39	49	122	80	90	119	100	-102	-57	66	122	-78	39	
23303	50	122	80	90	119	100	-102	-57	65	122	-77	39	50	122	80	90	119	100	-102	-57	65	122	-77	39	
23353	50	122	80	90	119	100	-102	-56	66	122	-77	39	50	122	80	90	119	100	-102	-56	66	122	-77	39	
23403	50	122	80	90	119	100	-102	-55	65	122	-77	39	50	122	80	90	119	100	-102	-55	65	122	-77	39	
23453	49	122	80	90	119	100	-102	-54	66	122	-77	39	49	122	80	90	119	100	-102	-54	66	122	-77	39	
23503	50	122	80	90	119	101	-102	-54	66	122	-78	39	50	122	80	90	119	101	-102	-54	66	122	-78	39	
23558	50	122	80	90	119	100	-102	-53	65	122	-77	39	50	122	80	90	119	100	-102	-53	65	122	-77	39	
23608	49	122	80	90	119	100	-102	-52	66	122	-78	39	49	122	80	90	119	100	-102	-52	66	122	-78	39	
23658	50	122	80	90	119	100	-102	-51	66	122	-77	39	50	122	80	90	119	100	-102	-51	66	122	-77	39	
23708	50	122	80	90	119	100	-102	-50	66	122	-78	39	50	122	80	90	119	100	-102	-50	66	122	-78	39	
23760	50	122	80	90	119	101	-102	-48	65	122	-77	39	50	122	80	90	119	101	-102	-48	65	122	-77	39	
23810	50	122	80	90	119	100	-103	-49	66	122	-78	39	50	122	80	90	119	100	-103	-49	66	122	-78	39	
23860	49	122	80	90	119	100	-102	-49	65	122	-77	39	49	122	80	90	119	100	-102	-49	65	122	-77	39	
23911	50	122	80	91	119	100	-102	-48	66	122	-77	39	50	122	80	91	119	100	-102	-48	66	122	-77	39	
23961	50	122	80	90	119	100	-102	-48	65	122	-77	39	50	122	80	90	119	100	-102	-48	65	122	-77	39	
24011	50	122	80	90	119	100	-102	-47	66	122	-77	39	50	122	80	90	119	100	-102	-47	66	122	-77	39	
24061	50	122	80	90	119	100	-102	-47	66	122	-77	39	50	122	80	90	119	100	-102	-47	66	122	-77	39	
24111	50	122	80	90	119	100	-102	-47	65	122	-77	39	50	122	80	90	119	100	-102	-47	65	122	-77	39	
24161	50	122	80	90	119	100	-102	-47	66	122	-77	39	50	122	80	90	119	100	-102	-47	66	122	-77	39	
24213	50	122	80	90	119	100	-102	-47	65	122	-77	39	50	122	80	90	119	100	-102	-47	65	122	-77	39	
24265	50	122	80	90	119	100	-102	-46	65	122	-77	39	50	122	80	90	119	100	-102	-46	65	122	-77	39	
24315	50	122	80	90	119	100	-102	-47	66	122	-77	39	50	122	80	90	119	100	-102	-47	66	122	-77	39	
24365	49	122	80	90	119	100	-102	-45	65	122	-77	39	49	122	80	90	119	100	-102	-45	65	122	-77	39	
24415	50	122	80	90	119	100	-102	-45	65	122	-77	39	50	122	80	90	119	100	-102	-45	65	122	-77	39	
24465	50	122	80	90	119	101	-102	-45	66	122	-77	39	50	122	80	90	119	101	-102	-45	66	122	-77	39	
24515	50	122	80	90	118	100	-102	-45	65	122	-77	39	50	122	80	90	118	100	-102	-45	65	122	-77	39	
24566	49	122	80	90	119	100	-102	-45	66	122	-77	39	49	122	80	90	119	100	-102	-45	66	122	-77	39	
24616	50	122	80	90	119	100	-102	-46	66	122	-77	39	50	122	80	90	119	100	-102	-46	66	122	-77	39	
24666	50	122	80	90	119	100	-102	-46	66	122	-77	39	50	122	80	90	119	100	-102	-46	66	122	-77	39	
24716	50	122	80	90	119	100	-102	-45	66	122	-77	39	50	122	80	90	119	100	-102	-45	66	122	-77	39	
24766	50	122	80	90	119	100	-102	-45	66	122	-77	39	50	122	80	90	119	100	-102	-45	66	122	-77	39	
24817	50	122	80	90	119	101	-102	-45	66	122	-77	39	50	122	80	90	119	101	-102	-45	66	122	-77	39	
24867	50	122	80	90	119	100	-102	-45	65	122	-77	39	50	122	80	90	119	100	-102	-45	65	122	-77	39	
24917	50	122	80	90	119	100	-103	-45	66	122	-77	39	50	122	80	90	119	100	-103	-45	66	122	-77	39	
24967	50	122	80	90	119	100	-102	-45	65	122	-77	39	50	122	80	90	119	100	-102	-45	65	122	-77	39	
25037	50	122	80	90	119	100	-102	-45	65	122	-77	39	50	122	80	90	119	100	-102	-45	65	122	-77	39	
25087	50	122	80	90	119	100	-102	-44	65	122	-77	39	50	122	80	90	119	100	-102	-44	65	122	-77	39	
25137	50	122	80	90	119	100	-102	-45	66	122	-77	39	50	122	80	90	119	100	-102	-45	66	122	-77	39	
25187	50	122	80	90	119	100	-102	-45	66	122	-77	39	50	122	80	90	119	100	-102	-45	66	122	-77	39	
25238	50	122	80	90	119	100	-102	-45	66	122	-78	39	50	122	80	90	119	100	-102	-45	66	122	-78	39	
25289	50	122	80	90	119	100	-102	-45	66	122	-77	39	50	122	80	90	119	100	-102	-45	66	122	-77	39	
25343	50	122	80	90	119	101	-103	-45	65	122	-77	39	50	122	80	90	119	101	-103	-45	65	122	-77	39	
25397	50	122	80	90	119	100	-102	-45	66	122	-77	39	50	122	80	90	119	100	-102	-45	66	122	-77	39	
25451	50	122	80	90	119	100	-102	-45	65	122	-77	39	50	122	80	90	119	100	-102	-45	65	122	-77	39	
25501	50	122	80	90	119	100	-102	-45	66	122	-77	39	50	122	80	90	119	100	-102	-45	66	122	-77	39	
25551	50	122	80	90	119	100	-102	-45	65	122	-77	39	50	122	80	90	119	100	-102	-45	65	122	-77	39	
25601	50	122	80	90	119	100	-102	-45	65	122	-77	39	50	122	80	90	119	100	-102	-45	65	122	-77	39	
25651	50	122	80	90	118	101	-102	-45	65	122	-78	39	50	122	80	90	118	101	-102	-45	65	122	-78	39	
25703	50	122	80	90	119	100	-102	-45	66	122	-77	39	50	122	80	90	119	100	-102	-45	66	122	-77	39	
25753	50	122	80	90	119	100	-103	-45	65	122	-77	39	50	122	80	90	119	100	-103	-45	65	122	-77	39	
25807	50	122	80	90	119	101	-102	-45	66	122	-77	39	50	122	80	90	119	101	-102	-45	66	122	-77	39	
25857	50	122	80	90	119	100	-102	-45	66	122	-77	39	50	122	80	90	119	100	-102	-45	66	122	-77	39	
25911	50	122	80	90	119	100	-102	-45	65	122	-77	39	50	122	80	90	119	100	-102	-45	65	122	-77	39	
25961	50	122	80	90	119	100	-102	-45	66	122	-77	39	50	122	80	90	119	100	-102	-45	66	122	-77	39	
26014	50	122	80	90	119	100	-102	-45	66	122	-77	39	50	122	80	90	119	100	-102	-45	66	122	-77	39	
26068	49	122	80	90	119	100	-102	-45	65	122	-77	39	49	122	80	90	119	100	-102	-45	65	122	-77	39	
26119	50	122	80	90	119	100	-102	-44	66	122	-78	39	50	122	80	90	119	100	-102	-44	66	122	-78	39	
26169	50	122	80	90	118	100	-102	-45	65	122	-77	39	50	122	80	90	118	100	-102	-45	65	122	-77	39	
26220	50	122	80	90	119	100	-103	-45	65	122	-77	39	50	122	80	90	119	100	-103	-45	65	122	-77	39	
26271	49	122	80	90	119	100	-103	-45	66	122	-78	39	49	122	80	90	119	100	-103	-45	66	122	-78	39	
26321	49	122	80	90	119	100	-102	-45	66	122	-77	39	49	122	80	90	119	100	-102	-45	66	122	-77	39	
26371	50	122	80	90	119	100	-102	-44	65	122	-77	39	50	122	80	90	119	100	-102	-44	65	122	-77	39	
26421	50	122	80	90	119	100	-102	-45	66	122	-77	39	50	122	80	90	119	100	-102	-45	66	122	-77	39	
26471	50	122	80	91	119	100	-102	-44	65	122	-77	39	50	122	80	91	119	100	-102	-44	65	122	-77	39	
26521	50	122	80	90	119	101	-102	-45	66	122	-77	39	50	122	80	90	119	101	-102	-45	66	122	-77	39	
26571	49	122	80	90	119	100	-102	-45	66	122	-77	39	49	122	80	90	119	100	-102	-45	66	122	-77	39	
26621	50	122	80	90	119	100	-102	-45	66	122	-77	39	50	122	80	90	119	100	-102	-45	66	122	-77	39	
26671	50	122	80	90	119	100	-103	-45	66	122	-78	39	50	122	80	90	119	100	-103	-45	66	122	-78	39	
26721	50	122	80	90	119	100	-102	-45	65	122	-77	39	50	122	80	90	119	100	-102	-45	65	122	-77	39	
26771	50	122	80	90	119	100	-102	-45	65	122	-77	39	50	122	80	90	119	100	-102	-45	65	122	-77	39	
26821	50	122	80	90	119	100	-102	-45	66	122	-78	39	50	122	80	90	119	100	-102	-45	66	122	-78	39	
26871	50	122	80	90	119	100	-102	-45	66	122	-77	39	50	122	80	90	119	100	-102	-45	66	122	-77	39	
26921	50	122	80	90	119	100	-102	-45	66	122	-77	39	50	122	80	90	119	100	-102	-45	66	122	-77	39	
26971	50	122	80	90	119	100	-103	-44	65	122	-77	39	50	122	80	90	119	100	-103	-44	65	122	-77	39	
